Number of jobs: 50  Number of machines: 2

Initialization time: 1

Setup times: 11  5  19  29  23  7  10  31  23  31  10  5  16  9  14  9  33  24  29  20  24  18  24  13  13  34  9  10  25  31  35  31  18  28  33  32  15  5  9  33  34  8  10  6  26  9  25  5  20  31  

Processing times: 21  27  30  47  45  27  46  27  22  35  33  17  23  34  43  20  24  28  47  31  18  47  45  18  30  41  46  41  19  24  37  40  22  31  42  42  45  42  34  42  28  25  40  23  42  36  46  20  24  34  

-------------------------------------------------------------------------------

Number of jobs: 50  Number of machines: 2

Initialization time: 1

Setup times: 12  22  10  23  34  15  20  8  10  31  20  34  23  29  26  32  12  24  22  16  16  27  12  35  7  10  33  11  5  6  25  5  19  9  23  17  9  27  5  31  25  17  24  5  23  15  16  34  13  28  

Processing times: 36  25  41  22  37  45  43  33  22  36  18  46  41  17  37  36  31  38  23  47  29  38  17  28  21  40  23  35  39  24  36  38  19  34  23  30  25  22  34  17  44  33  28  30  46  29  36  36  43  45  

-------------------------------------------------------------------------------

Number of jobs: 50  Number of machines: 2

Initialization time: 1

Setup times: 34  23  30  35  12  11  20  33  30  10  26  8  8  34  30  15  20  5  27  33  10  7  28  9  26  12  22  7  14  15  24  25  22  10  17  27  16  6  5  6  33  31  7  29  5  6  6  31  31  31  

Processing times: 47  32  30  26  18  31  38  30  18  29  41  27  38  19  38  46  27  35  38  37  25  44  44  30  45  39  33  18  37  36  19  22  45  35  38  34  46  24  26  23  19  34  26  22  19  23  40  37  42  33  

-------------------------------------------------------------------------------

Number of jobs: 50  Number of machines: 2

Initialization time: 1

Setup times: 17  18  13  18  16  34  5  21  35  10  20  21  31  14  14  23  26  16  15  13  12  27  29  11  13  33  31  13  20  12  10  22  17  17  19  21  35  24  5  9  29  22  31  28  13  32  24  30  35  7  

Processing times: 20  35  18  32  46  18  39  31  21  32  26  31  28  19  24  29  41  31  17  42  27  19  43  47  26  38  45  22  41  42  36  22  28  21  38  38  43  20  26  44  23  28  26  27  46  31  31  40  20  25  

-------------------------------------------------------------------------------

Number of jobs: 50  Number of machines: 2

Initialization time: 1

Setup times: 15  9  19  5  25  12  21  8  25  25  14  28  26  5  9  34  32  10  14  10  23  13  26  29  31  13  35  35  18  9  14  31  8  5  31  27  7  22  28  21  13  22  23  10  10  21  25  33  32  12  

Processing times: 33  45  26  38  38  43  37  23  18  25  22  32  41  38  20  29  46  27  33  17  42  20  40  31  45  42  20  39  21  35  47  40  21  22  42  33  28  35  23  24  41  21  30  20  47  23  22  39  39  47  

-------------------------------------------------------------------------------

Number of jobs: 50  Number of machines: 2

Initialization time: 1

Setup times: 7  30  23  25  20  35  15  24  14  11  26  33  13  14  6  9  12  20  27  5  34  32  10  26  19  7  11  21  10  14  9  35  35  26  7  17  10  6  6  12  18  24  22  21  13  6  22  5  34  14  

Processing times: 42  38  29  40  42  29  35  22  22  30  39  44  32  24  38  30  29  42  44  34  21  38  24  43  30  47  45  31  46  43  43  35  17  27  21  26  47  21  17  41  30  38  38  47  39  22  42  45  38  28  

-------------------------------------------------------------------------------

Number of jobs: 50  Number of machines: 2

Initialization time: 1

Setup times: 30  23  9  21  15  19  13  35  30  22  16  32  15  10  15  30  18  33  21  18  23  7  24  22  30  27  34  33  23  5  17  7  12  10  28  33  29  19  13  10  29  32  9  9  25  30  12  19  35  16  

Processing times: 27  17  25  44  29  25  18  35  40  29  23  32  42  33  41  38  19  21  34  44  23  32  17  34  30  31  23  45  23  40  22  34  23  27  43  20  34  22  40  24  41  35  25  22  27  19  45  30  26  23  

-------------------------------------------------------------------------------

Number of jobs: 50  Number of machines: 2

Initialization time: 1

Setup times: 28  22  35  23  12  8  25  7  27  21  15  14  20  26  30  21  10  6  10  17  21  22  19  7  26  26  20  16  8  25  6  26  19  34  5  9  7  22  28  15  19  26  32  24  5  13  18  30  25  19  

Processing times: 31  31  39  22  22  21  31  43  45  47  35  44  34  33  46  41  46  47  24  36  43  39  42  47  28  30  28  42  20  45  41  30  39  25  28  44  38  31  25  31  20  36  35  28  43  38  26  23  26  38  

-------------------------------------------------------------------------------

Number of jobs: 50  Number of machines: 2

Initialization time: 1

Setup times: 25  27  25  12  9  14  35  19  7  28  6  18  19  33  6  17  30  12  32  35  9  16  14  15  29  28  27  7  10  27  31  15  27  11  30  21  16  5  32  22  23  19  13  18  14  9  15  31  28  30  

Processing times: 32  31  38  41  20  42  30  17  39  47  17  40  36  31  46  30  41  23  39  25  33  17  24  38  42  38  29  35  44  34  25  24  42  35  26  18  46  26  20  47  43  17  46  18  42  20  24  19  38  32  

-------------------------------------------------------------------------------

Number of jobs: 50  Number of machines: 2

Initialization time: 1

Setup times: 21  9  34  23  9  14  13  19  6  35  13  11  29  17  5  23  25  18  26  31  10  14  15  9  14  12  5  28  10  11  5  10  29  5  21  21  13  26  34  26  11  21  35  21  11  19  7  24  12  34  

Processing times: 46  37  17  22  35  29  27  36  46  32  19  27  19  26  20  26  22  31  27  46  32  37  28  25  42  32  43  45  29  33  45  38  35  18  44  30  32  23  31  45  24  23  44  39  39  26  26  39  17  20  

-------------------------------------------------------------------------------

Number of jobs: 50  Number of machines: 2

Initialization time: 1

Setup times: 5  21  26  26  30  32  27  17  12  22  30  7  22  30  26  35  5  28  7  16  10  21  33  7  23  7  20  19  17  29  13  13  7  12  16  7  12  19  15  22  13  22  19  34  17  9  18  32  30  34  

Processing times: 17  30  42  45  43  27  20  24  29  42  24  22  28  28  29  36  26  21  29  22  23  43  44  34  24  38  42  30  40  21  28  36  28  44  36  33  34  27  40  29  47  39  29  20  23  34  45  28  31  47  

-------------------------------------------------------------------------------

Number of jobs: 50  Number of machines: 2

Initialization time: 1

Setup times: 12  10  21  19  24  34  16  7  13  14  6  30  13  11  21  32  31  20  29  25  34  34  5  15  10  7  14  6  34  25  9  21  13  23  28  28  14  12  12  26  22  25  13  23  21  27  11  9  8  13  

Processing times: 46  17  25  44  19  43  36  40  43  21  29  35  23  38  36  30  42  46  26  28  21  22  37  30  45  27  42  40  28  36  29  17  21  43  28  19  31  32  44  26  30  30  44  32  41  30  39  32  35  28  

-------------------------------------------------------------------------------

Number of jobs: 50  Number of machines: 2

Initialization time: 1

Setup times: 28  17  27  15  34  23  7  22  28  15  24  19  5  7  5  25  14  7  35  7  31  6  25  7  13  25  15  11  14  7  12  27  35  29  20  11  5  8  21  8  5  27  23  35  8  26  9  14  5  21  

Processing times: 43  35  20  39  17  19  24  23  35  23  44  29  43  29  37  20  20  22  38  34  28  17  25  30  31  35  25  43  24  29  22  35  24  33  23  36  33  41  45  32  22  43  44  31  21  41  47  27  24  43  

-------------------------------------------------------------------------------

Number of jobs: 50  Number of machines: 2

Initialization time: 1

Setup times: 7  15  12  16  23  21  19  30  25  33  13  8  8  6  11  27  23  35  21  20  12  17  6  22  11  13  33  9  22  30  28  27  8  29  30  13  33  16  21  18  9  22  10  25  28  22  6  19  15  15  

Processing times: 31  40  43  37  45  18  41  17  20  44  25  37  27  26  38  20  24  36  33  17  35  31  35  29  31  36  45  29  45  25  29  45  29  38  42  41  18  22  29  17  29  35  20  27  29  42  21  43  44  25  

-------------------------------------------------------------------------------

Number of jobs: 50  Number of machines: 2

Initialization time: 1

Setup times: 22  6  12  21  24  16  19  24  33  5  31  12  33  15  21  19  32  16  14  19  31  15  12  23  29  35  28  29  16  25  9  13  15  18  23  5  9  18  20  20  24  35  13  17  34  7  6  10  8  31  

Processing times: 19  18  38  36  47  33  34  22  44  34  40  27  25  35  42  40  19  24  33  27  22  37  33  39  29  33  30  34  38  45  22  35  23  31  46  41  37  21  45  40  23  36  17  21  19  26  37  27  36  23  

-------------------------------------------------------------------------------

Number of jobs: 50  Number of machines: 2

Initialization time: 1

Setup times: 18  6  17  9  10  10  31  34  30  15  12  12  23  21  10  25  8  22  13  13  18  13  33  35  7  27  22  30  34  17  31  11  25  19  17  11  14  21  10  21  8  22  29  27  19  27  30  34  31  9  

Processing times: 25  41  44  29  26  37  24  32  46  25  27  41  32  33  39  38  25  30  39  22  36  18  33  22  36  43  36  32  40  46  36  26  21  42  36  37  30  34  30  18  32  39  21  22  41  25  30  44  43  27  

-------------------------------------------------------------------------------

Number of jobs: 50  Number of machines: 2

Initialization time: 1

Setup times: 33  8  30  13  16  22  14  11  27  13  25  25  6  5  24  26  30  6  8  15  19  6  8  7  28  17  22  15  14  16  19  29  10  19  14  6  14  28  23  5  21  33  22  25  21  7  28  35  25  14  

Processing times: 18  40  20  43  44  46  35  41  18  35  25  33  35  28  30  17  18  31  44  37  29  44  18  27  36  31  45  33  27  47  44  25  20  36  45  30  30  27  43  47  38  24  26  17  18  28  29  17  39  32  

-------------------------------------------------------------------------------

Number of jobs: 50  Number of machines: 2

Initialization time: 1

Setup times: 6  30  21  21  6  14  25  8  24  31  14  24  18  28  24  30  30  35  23  20  22  35  31  20  29  12  13  10  24  16  6  7  5  18  8  35  25  13  20  13  29  17  10  19  30  15  32  12  18  5  

Processing times: 47  29  34  27  22  23  30  41  21  18  31  22  42  47  21  21  38  42  32  44  26  25  31  34  32  18  31  42  21  35  42  25  44  34  23  21  20  21  29  27  23  40  24  22  37  27  21  28  19  34  

-------------------------------------------------------------------------------

Number of jobs: 50  Number of machines: 2

Initialization time: 1

Setup times: 30  18  6  5  5  12  9  34  31  14  12  32  24  18  22  30  23  23  22  11  13  5  31  35  8  30  8  31  27  28  31  11  23  18  33  22  6  7  24  8  31  27  6  11  9  7  35  18  12  13  

Processing times: 41  40  35  40  39  19  44  47  39  32  45  47  21  32  38  18  42  17  20  29  28  23  24  21  31  46  42  32  41  25  33  45  18  37  33  40  18  36  27  27  41  29  22  39  37  36  26  20  17  22  

-------------------------------------------------------------------------------

Number of jobs: 50  Number of machines: 2

Initialization time: 1

Setup times: 10  21  10  28  27  26  7  10  16  32  11  21  8  14  32  29  25  21  20  8  5  11  22  10  14  8  25  14  16  11  35  27  13  26  25  15  6  24  15  26  22  17  26  33  20  28  27  16  28  7  

Processing times: 33  26  32  30  46  37  29  26  25  37  29  17  21  20  43  18  19  38  42  20  40  36  38  20  41  34  27  36  18  37  28  47  22  30  38  29  26  37  46  22  39  25  38  41  34  35  22  25  27  34  

-------------------------------------------------------------------------------

Number of jobs: 50  Number of machines: 2

Initialization time: 1

Setup times: 35  10  11  26  7  28  23  23  10  30  29  32  33  19  20  8  29  15  35  6  7  14  12  10  6  13  24  26  5  14  11  22  21  17  27  35  17  30  23  12  22  12  9  33  6  27  19  30  19  23  

Processing times: 47  22  40  27  26  41  27  32  29  34  34  34  36  45  44  26  31  43  46  19  38  41  35  43  36  18  22  18  33  44  42  41  37  19  47  42  29  37  36  26  22  24  25  40  26  17  40  25  45  23  

-------------------------------------------------------------------------------

Number of jobs: 50  Number of machines: 2

Initialization time: 1

Setup times: 18  27  14  12  24  14  16  23  6  15  25  21  29  21  9  10  15  31  19  31  12  28  9  28  20  34  20  33  12  31  26  11  32  23  29  21  31  7  7  11  33  26  18  35  27  7  8  33  11  34  

Processing times: 26  38  41  25  20  37  35  24  38  28  43  35  21  45  25  46  18  26  21  22  20  27  46  24  18  21  23  22  43  21  39  40  46  26  31  26  22  25  44  37  23  41  44  23  41  18  46  30  31  41  

-------------------------------------------------------------------------------

Number of jobs: 50  Number of machines: 2

Initialization time: 1

Setup times: 35  7  26  16  28  20  6  13  6  11  12  9  30  16  23  24  18  18  29  28  9  28  6  33  33  25  6  16  26  5  25  33  9  5  11  6  16  22  33  27  28  31  26  25  26  11  18  21  22  14  

Processing times: 23  32  44  46  24  45  17  35  26  25  35  36  32  43  22  46  17  35  47  37  19  24  28  34  21  25  25  27  25  46  32  41  33  47  30  43  46  22  21  28  31  18  38  44  35  29  33  39  45  43  

-------------------------------------------------------------------------------

Number of jobs: 50  Number of machines: 2

Initialization time: 1

Setup times: 21  30  26  16  13  14  23  17  13  12  22  24  12  6  18  10  13  16  31  24  22  10  11  5  26  9  13  25  9  17  15  21  20  25  9  35  17  25  9  29  14  25  24  9  33  11  15  32  12  15  

Processing times: 35  32  41  27  21  33  46  30  36  37  30  33  19  43  45  44  30  26  41  44  24  36  17  45  42  37  40  29  38  33  24  18  34  46  46  27  21  29  22  29  45  25  27  34  35  40  32  25  44  43  

-------------------------------------------------------------------------------

Number of jobs: 50  Number of machines: 2

Initialization time: 1

Setup times: 25  16  27  20  16  10  28  18  5  28  33  11  18  23  22  24  20  32  9  32  15  9  24  7  10  20  18  6  9  22  33  17  27  27  29  16  14  27  12  5  33  32  10  32  33  26  16  10  14  34  

Processing times: 32  32  32  42  31  40  43  41  34  21  17  20  38  37  21  20  47  30  22  38  32  30  24  37  34  19  42  39  22  37  25  30  22  19  24  33  39  24  20  31  28  38  20  38  31  27  24  47  31  20  

-------------------------------------------------------------------------------

Number of jobs: 50  Number of machines: 2

Initialization time: 1

Setup times: 33  26  27  22  26  33  32  19  11  31  16  24  6  12  6  5  8  7  8  30  18  27  24  14  13  32  32  21  25  25  33  18  31  30  26  23  14  12  13  5  26  5  33  31  9  9  17  21  15  21  

Processing times: 37  41  23  38  35  32  20  37  28  37  19  25  29  44  39  29  39  47  23  35  33  19  45  40  18  18  18  38  42  40  31  47  19  18  26  20  18  32  20  20  33  25  42  28  36  40  44  27  42  47  

-------------------------------------------------------------------------------

Number of jobs: 50  Number of machines: 2

Initialization time: 1

Setup times: 28  7  30  24  25  8  24  21  6  6  35  23  6  21  13  5  26  24  28  30  25  13  21  6  8  13  10  5  9  10  16  32  29  15  34  30  5  29  14  14  16  28  13  14  19  19  19  6  10  13  

Processing times: 17  42  30  46  46  17  40  38  27  39  44  44  20  22  30  30  47  19  36  39  44  29  32  22  32  32  41  47  34  28  46  42  39  44  23  36  37  34  31  19  33  33  40  43  34  37  46  20  29  45  

-------------------------------------------------------------------------------

Number of jobs: 50  Number of machines: 2

Initialization time: 1

Setup times: 29  20  11  9  19  21  20  15  14  13  24  22  31  7  19  35  33  14  20  29  31  12  21  28  22  19  10  27  12  31  6  19  15  14  14  29  5  30  28  14  32  5  9  29  21  29  18  22  16  5  

Processing times: 37  19  27  30  36  37  25  30  21  39  43  42  41  25  29  41  30  34  40  30  30  40  29  33  19  18  25  44  19  21  43  35  17  22  27  21  21  24  42  18  35  43  47  41  36  39  23  36  32  38  

-------------------------------------------------------------------------------

Number of jobs: 50  Number of machines: 2

Initialization time: 1

Setup times: 10  30  16  20  16  16  7  22  22  31  34  8  20  35  18  24  27  12  17  15  20  31  31  25  34  7  15  29  12  14  11  13  33  32  32  21  24  12  18  19  16  22  17  31  30  17  26  12  5  29  

Processing times: 27  18  25  22  31  28  31  34  30  19  46  18  38  21  38  41  19  32  32  35  44  30  36  42  45  23  40  33  18  26  19  36  41  37  42  39  37  19  31  26  26  44  24  21  20  26  42  37  24  42  

-------------------------------------------------------------------------------

Number of jobs: 50  Number of machines: 2

Initialization time: 1

Setup times: 33  14  17  18  28  34  18  27  5  12  35  20  16  16  10  23  20  22  23  24  15  31  5  23  27  6  26  24  33  14  34  12  28  8  35  11  22  20  26  28  14  32  21  18  17  12  34  32  19  27  

Processing times: 46  18  29  38  45  22  26  36  25  45  22  37  44  25  32  43  37  23  45  47  24  47  29  41  43  45  28  34  22  41  19  44  29  45  24  25  30  34  38  23  47  32  38  38  18  40  47  19  33  31  

-------------------------------------------------------------------------------

Number of jobs: 50  Number of machines: 2

Initialization time: 1

Setup times: 12  23  19  24  15  21  32  17  8  31  10  20  34  19  17  19  23  13  17  12  26  28  13  5  33  9  10  22  31  16  11  10  26  28  24  14  19  8  5  20  19  31  18  25  13  7  31  15  11  7  

Processing times: 37  46  27  25  17  30  38  28  20  24  47  30  46  39  34  30  33  40  41  39  31  41  25  22  43  26  20  37  46  27  47  30  28  40  32  36  23  44  23  37  34  19  17  28  41  17  32  26  38  46  

-------------------------------------------------------------------------------

Number of jobs: 50  Number of machines: 2

Initialization time: 1

Setup times: 14  11  22  18  21  5  32  12  10  21  31  5  13  28  35  16  35  5  31  16  32  28  24  33  28  10  11  30  20  30  31  33  17  24  26  18  33  11  34  9  26  6  14  20  34  26  14  26  28  12  

Processing times: 45  30  33  25  44  27  31  45  32  27  30  46  27  44  26  43  29  34  22  46  45  19  19  44  40  29  20  36  44  46  27  31  19  34  36  27  22  19  24  24  24  43  22  31  47  24  37  19  27  25  

-------------------------------------------------------------------------------

Number of jobs: 50  Number of machines: 2

Initialization time: 1

Setup times: 21  28  34  19  20  31  9  28  25  15  21  22  29  18  10  30  9  35  23  27  5  25  24  17  31  19  8  21  17  28  18  35  18  29  13  27  24  13  35  20  12  24  7  30  21  12  29  23  21  29  

Processing times: 38  24  47  30  31  33  44  29  42  43  37  45  34  36  24  46  27  44  41  43  37  41  39  23  23  37  22  26  24  30  18  42  35  25  29  31  37  24  33  25  40  40  38  29  17  43  23  41  28  19  

-------------------------------------------------------------------------------

Number of jobs: 50  Number of machines: 2

Initialization time: 1

Setup times: 24  18  21  12  26  17  17  14  11  18  26  18  19  27  24  9  13  8  35  17  21  15  25  8  9  35  17  29  24  28  24  7  33  26  9  28  23  20  29  19  23  15  27  12  5  27  30  31  10  8  

Processing times: 26  33  36  22  22  23  30  32  32  19  29  27  31  41  32  41  44  40  19  26  31  30  38  19  38  36  47  40  21  40  39  30  44  46  34  26  40  44  18  29  18  34  32  21  22  37  20  21  32  19  

-------------------------------------------------------------------------------

Number of jobs: 50  Number of machines: 2

Initialization time: 1

Setup times: 10  8  14  12  17  23  16  28  8  25  7  12  35  15  6  31  18  30  11  6  5  5  30  17  26  9  27  7  34  31  26  21  17  22  8  6  18  19  15  24  22  13  28  30  31  10  25  6  18  31  

Processing times: 29  38  21  27  26  30  38  33  42  43  46  44  25  30  31  42  34  33  22  18  25  42  18  43  44  24  37  33  45  44  42  43  28  45  24  18  41  32  32  27  19  45  27  34  27  24  35  45  37  43  

-------------------------------------------------------------------------------

Number of jobs: 50  Number of machines: 2

Initialization time: 1

Setup times: 27  33  8  30  13  25  21  27  17  19  32  17  10  15  5  21  15  29  15  23  12  16  23  27  31  13  17  7  7  31  27  23  16  16  5  26  22  25  20  34  17  12  16  17  35  25  25  7  23  27  

Processing times: 34  28  28  21  31  28  19  34  23  46  43  47  28  40  30  19  22  44  35  18  35  21  29  30  47  32  33  44  27  44  23  27  18  35  25  47  32  21  31  25  19  25  19  21  42  19  18  31  27  28  

-------------------------------------------------------------------------------

Number of jobs: 50  Number of machines: 2

Initialization time: 1

Setup times: 21  20  26  21  34  23  15  26  11  5  6  16  15  7  23  8  35  34  34  34  27  30  34  35  15  33  23  11  23  16  10  28  24  29  31  26  10  5  21  5  26  24  6  33  15  23  13  29  34  19  

Processing times: 38  46  19  19  25  22  30  46  45  35  47  35  45  26  33  40  31  28  19  36  38  35  23  41  21  18  42  23  39  23  35  25  43  26  38  38  47  32  36  20  41  28  34  17  45  23  43  25  21  38  

-------------------------------------------------------------------------------

Number of jobs: 50  Number of machines: 2

Initialization time: 1

Setup times: 26  31  13  22  8  15  6  33  26  19  32  6  21  13  13  31  20  13  9  35  8  8  22  24  17  13  23  22  7  31  10  27  19  15  5  11  22  26  33  23  11  17  21  23  17  35  29  32  25  7  

Processing times: 39  47  18  33  23  29  29  18  31  43  18  18  35  21  33  19  25  29  39  27  21  34  43  26  44  39  39  44  21  25  37  39  21  46  39  24  39  27  22  33  34  39  37  47  20  39  20  26  26  24  

-------------------------------------------------------------------------------

Number of jobs: 50  Number of machines: 2

Initialization time: 1

Setup times: 26  30  16  13  17  26  13  15  12  27  7  34  30  26  33  31  21  26  34  33  9  6  34  22  6  9  21  29  20  26  33  5  15  25  19  20  15  33  26  31  25  17  10  29  13  29  8  18  33  33  

Processing times: 19  30  36  28  27  32  42  21  26  20  18  45  38  19  18  22  19  24  35  30  47  25  24  47  27  17  37  36  33  22  23  22  47  36  24  26  46  45  25  30  21  28  36  27  44  17  46  24  25  36  

-------------------------------------------------------------------------------

Number of jobs: 50  Number of machines: 2

Initialization time: 1

Setup times: 16  17  17  8  24  8  24  25  7  21  14  12  21  25  19  21  15  17  30  33  30  35  26  7  34  10  12  9  27  6  26  20  16  18  27  19  9  24  35  10  23  17  20  28  31  30  33  14  20  23  

Processing times: 40  29  22  33  46  23  22  44  33  31  38  45  18  21  29  20  47  32  44  33  30  20  26  22  31  17  25  33  22  42  22  31  24  30  27  29  29  36  29  32  22  28  23  21  42  35  17  18  44  22  

-------------------------------------------------------------------------------

Number of jobs: 50  Number of machines: 2

Initialization time: 1

Setup times: 20  27  34  10  16  35  14  9  24  26  22  23  22  31  31  15  8  21  13  35  28  17  32  12  23  24  28  15  31  20  14  31  32  25  6  25  10  5  21  13  13  24  7  25  16  31  31  19  24  28  

Processing times: 24  36  18  18  46  20  25  34  44  42  37  40  38  23  30  47  40  46  35  28  46  19  38  47  44  19  31  25  25  39  20  34  30  27  28  22  29  38  37  38  21  39  24  44  28  19  21  17  41  36  

-------------------------------------------------------------------------------

Number of jobs: 50  Number of machines: 2

Initialization time: 1

Setup times: 29  10  21  15  33  31  32  20  5  16  5  6  13  9  11  20  23  28  10  31  17  13  33  21  33  13  27  35  21  20  13  13  13  20  26  26  16  32  23  20  34  28  35  18  14  14  15  29  17  9  

Processing times: 31  33  42  25  26  30  36  39  30  29  47  43  23  20  36  27  46  32  44  28  47  28  34  17  47  36  29  38  18  36  18  36  34  37  25  41  44  47  20  45  31  45  44  39  31  18  34  21  41  21  

-------------------------------------------------------------------------------

Number of jobs: 50  Number of machines: 2

Initialization time: 1

Setup times: 6  27  12  10  29  31  30  19  21  29  5  7  9  9  32  5  34  21  8  29  20  15  7  17  32  15  6  28  23  13  12  20  8  5  6  15  15  8  24  16  20  18  15  15  14  31  34  17  31  15  

Processing times: 30  29  20  43  32  28  19  17  47  20  47  30  21  23  47  20  42  43  34  44  23  23  39  33  21  38  38  19  31  26  33  30  23  40  37  26  26  45  43  23  23  43  39  29  19  46  45  29  32  38  

-------------------------------------------------------------------------------

Number of jobs: 50  Number of machines: 2

Initialization time: 1

Setup times: 23  7  19  32  30  10  7  6  23  24  17  15  20  27  16  34  8  14  19  31  35  23  22  7  16  22  9  8  7  32  34  19  13  7  30  20  18  31  24  9  31  6  8  16  15  30  6  6  22  30  

Processing times: 23  20  27  34  41  22  40  30  36  37  22  28  25  22  18  45  45  44  35  43  47  39  32  46  43  29  19  18  40  43  20  26  39  22  46  43  26  34  31  27  38  21  28  43  28  47  23  35  29  28  

-------------------------------------------------------------------------------

Number of jobs: 50  Number of machines: 2

Initialization time: 1

Setup times: 9  9  14  23  5  7  8  20  33  32  21  12  11  8  22  5  31  16  14  19  14  29  10  28  21  30  35  18  14  23  23  7  8  7  27  15  6  24  14  15  10  25  32  24  26  16  19  13  17  10  

Processing times: 18  24  30  19  17  39  32  25  27  46  25  21  24  20  46  33  18  19  45  27  17  21  35  29  37  44  18  46  29  28  47  35  19  41  26  43  29  47  29  28  37  24  40  37  33  19  28  25  17  42  

-------------------------------------------------------------------------------

Number of jobs: 50  Number of machines: 2

Initialization time: 1

Setup times: 22  20  17  15  7  30  6  7  10  7  12  13  30  31  5  8  21  23  22  23  12  6  15  17  6  16  21  27  15  21  29  26  22  30  13  30  10  16  17  10  25  15  23  17  18  21  8  7  16  6  

Processing times: 33  38  28  21  24  20  47  43  29  40  33  43  47  25  42  40  26  43  34  27  32  34  20  24  44  28  18  35  30  43  31  40  36  19  18  37  20  32  33  40  46  42  17  28  30  43  46  42  27  26  

-------------------------------------------------------------------------------

Number of jobs: 50  Number of machines: 2

Initialization time: 1

Setup times: 7  8  13  17  30  19  17  30  34  33  13  6  6  8  8  15  16  20  24  12  29  23  23  28  35  35  31  31  27  22  11  35  18  32  25  6  32  11  34  12  33  31  28  22  18  27  14  15  16  28  

Processing times: 38  44  39  36  18  25  43  23  28  29  21  39  21  46  35  28  20  25  42  36  25  18  20  35  33  23  42  29  20  27  22  37  38  45  47  28  29  47  23  17  37  17  27  38  19  24  47  31  21  29  

-------------------------------------------------------------------------------

Number of jobs: 50  Number of machines: 2

Initialization time: 1

Setup times: 11  15  34  27  14  15  32  18  5  24  5  10  33  31  13  17  28  6  33  8  8  8  23  31  16  19  5  12  19  28  21  19  8  15  8  9  30  20  8  28  11  24  10  13  26  18  30  29  15  21  

Processing times: 33  40  41  26  33  43  17  41  39  41  18  41  27  18  30  22  18  34  28  33  24  27  20  28  37  19  43  20  25  47  21  36  28  45  21  39  35  25  42  38  20  42  46  43  28  39  22  31  26  27  

-------------------------------------------------------------------------------

Number of jobs: 50  Number of machines: 2

Initialization time: 1

Setup times: 27  5  31  30  20  12  26  7  20  13  17  20  7  35  29  27  24  8  28  12  18  31  35  33  13  31  19  6  32  33  29  27  21  24  29  15  10  19  19  6  31  20  21  15  9  16  18  29  31  27  

Processing times: 17  43  17  28  46  42  47  20  46  31  45  45  36  23  37  30  26  44  44  43  42  30  33  27  28  17  38  30  36  38  42  29  41  21  22  19  19  23  44  20  29  41  26  21  47  40  18  31  34  26  

-------------------------------------------------------------------------------

Number of jobs: 50  Number of machines: 2

Initialization time: 1

Setup times: 33  19  31  5  22  34  20  26  28  34  35  7  11  20  9  32  35  20  24  33  33  6  31  22  30  14  10  29  25  33  31  5  26  25  31  19  26  12  29  13  30  15  31  15  20  19  32  5  35  23  

Processing times: 42  37  43  19  23  22  18  32  32  26  40  39  38  39  28  21  17  39  27  23  34  28  32  47  43  23  27  38  30  29  24  17  21  43  18  38  29  44  36  31  38  43  45  31  23  44  24  44  40  34  

