Number of jobs: 25  Number of machines: 2

Initialization time: 1

Setup times: 9  32  13  16  6  15  31  23  31  13  20  17  8  19  35  28  29  8  6  8  26  10  34  18  6  

Processing times: 194  130  169  142  185  156  152  146  157  168  171  138  142  198  151  189  180  128  193  169  151  156  129  147  153  

-------------------------------------------------------------------------------

Number of jobs: 25  Number of machines: 2

Initialization time: 1

Setup times: 12  10  27  17  29  35  13  25  16  23  5  30  11  8  7  25  30  8  26  31  13  35  24  27  27  

Processing times: 164  127  150  145  127  167  193  161  133  200  123  155  198  130  126  148  149  175  130  167  149  135  140  160  167  

-------------------------------------------------------------------------------

Number of jobs: 25  Number of machines: 2

Initialization time: 1

Setup times: 11  15  24  14  34  27  34  5  26  27  26  34  30  8  18  5  9  26  17  8  31  5  24  11  9  

Processing times: 124  195  174  146  126  169  154  148  120  159  142  155  169  135  183  181  140  164  186  200  137  193  141  139  139  

-------------------------------------------------------------------------------

Number of jobs: 25  Number of machines: 2

Initialization time: 1

Setup times: 16  8  15  15  18  35  6  11  17  5  25  9  29  31  24  10  21  8  8  5  22  28  7  7  27  

Processing times: 129  129  148  200  122  173  186  180  164  121  183  174  192  140  187  133  148  200  139  177  139  138  193  133  174  

-------------------------------------------------------------------------------

Number of jobs: 25  Number of machines: 2

Initialization time: 1

Setup times: 20  25  12  29  30  35  29  32  8  18  8  30  25  16  31  7  26  29  9  31  17  13  10  18  5  

Processing times: 157  132  143  161  197  151  129  169  159  157  148  145  129  126  167  195  151  167  134  136  161  179  149  165  159  

-------------------------------------------------------------------------------

Number of jobs: 25  Number of machines: 2

Initialization time: 1

Setup times: 10  25  7  14  29  32  30  9  13  27  30  10  7  26  33  31  31  35  33  16  9  19  17  24  9  

Processing times: 125  131  180  127  193  194  197  194  195  167  195  125  167  185  136  126  192  165  199  190  193  134  145  183  166  

-------------------------------------------------------------------------------

Number of jobs: 25  Number of machines: 2

Initialization time: 1

Setup times: 19  20  11  33  18  5  24  25  6  10  20  12  30  27  15  15  6  20  21  30  18  6  25  30  13  

Processing times: 149  175  143  176  167  176  156  147  180  200  142  128  180  160  155  196  186  182  186  126  176  132  122  187  156  

-------------------------------------------------------------------------------

Number of jobs: 25  Number of machines: 2

Initialization time: 1

Setup times: 27  9  16  6  19  31  26  14  14  17  8  25  34  16  31  35  7  12  8  6  9  35  34  27  12  

Processing times: 144  121  137  199  197  151  193  150  175  148  162  145  139  196  143  138  122  148  137  164  178  125  169  132  176  

-------------------------------------------------------------------------------

Number of jobs: 25  Number of machines: 2

Initialization time: 1

Setup times: 25  26  34  19  13  6  33  35  23  16  35  16  8  24  8  32  28  14  8  7  11  9  8  16  15  

Processing times: 199  127  169  168  143  150  127  154  175  141  164  178  177  160  158  182  183  169  145  170  187  126  121  154  121  

-------------------------------------------------------------------------------

Number of jobs: 25  Number of machines: 2

Initialization time: 1

Setup times: 19  20  25  11  10  26  14  14  6  19  32  11  9  33  28  29  29  14  20  15  21  17  29  7  12  

Processing times: 174  133  125  160  154  186  170  187  134  146  167  155  197  189  160  130  127  192  198  180  129  148  128  157  198  

-------------------------------------------------------------------------------

Number of jobs: 25  Number of machines: 2

Initialization time: 1

Setup times: 32  25  5  35  18  14  6  34  33  30  32  29  26  31  24  27  22  10  15  11  27  17  18  26  12  

Processing times: 163  151  182  144  166  147  199  164  200  163  140  165  194  154  197  133  127  152  160  166  200  175  161  120  120  

-------------------------------------------------------------------------------

Number of jobs: 25  Number of machines: 2

Initialization time: 1

Setup times: 6  16  30  17  23  34  28  21  11  5  13  16  7  17  16  28  22  6  16  25  14  23  18  25  13  

Processing times: 182  134  132  153  194  196  157  166  186  175  174  175  185  153  178  194  171  139  150  198  185  182  182  134  137  

-------------------------------------------------------------------------------

Number of jobs: 25  Number of machines: 2

Initialization time: 1

Setup times: 11  18  32  15  17  10  28  15  25  27  20  24  22  18  25  29  26  14  31  9  12  19  19  19  32  

Processing times: 162  179  160  175  138  169  153  194  162  200  131  137  175  200  200  158  171  138  189  133  120  152  141  145  126  

-------------------------------------------------------------------------------

Number of jobs: 25  Number of machines: 2

Initialization time: 1

Setup times: 18  14  32  25  31  22  8  25  34  21  25  16  7  6  7  10  15  15  15  12  33  17  29  20  23  

Processing times: 178  186  140  145  140  131  171  184  179  189  139  132  199  187  130  165  166  138  126  142  184  200  149  162  200  

-------------------------------------------------------------------------------

Number of jobs: 25  Number of machines: 2

Initialization time: 1

Setup times: 5  20  32  24  9  10  20  11  35  16  17  17  20  22  29  17  10  31  18  24  29  20  24  34  11  

Processing times: 150  133  184  129  166  197  170  175  121  191  147  168  141  139  177  189  188  182  159  137  143  149  131  172  156  

-------------------------------------------------------------------------------

Number of jobs: 25  Number of machines: 2

Initialization time: 1

Setup times: 6  13  11  33  9  14  8  11  31  21  17  33  24  35  32  30  5  12  6  27  31  10  8  34  24  

Processing times: 154  132  161  132  127  138  165  170  177  161  160  191  158  189  169  186  124  121  181  122  139  135  177  148  125  

-------------------------------------------------------------------------------

Number of jobs: 25  Number of machines: 2

Initialization time: 1

Setup times: 28  24  35  12  35  30  31  23  14  26  25  10  21  14  20  15  25  10  26  32  32  23  31  15  16  

Processing times: 147  145  124  166  162  168  158  187  152  178  126  149  150  188  195  171  137  126  154  178  171  146  183  187  184  

-------------------------------------------------------------------------------

Number of jobs: 25  Number of machines: 2

Initialization time: 1

Setup times: 29  33  26  23  24  22  6  24  20  23  24  12  27  23  23  35  25  16  28  27  30  22  21  5  30  

Processing times: 125  167  180  139  200  136  197  174  144  161  194  169  147  147  187  159  174  199  131  169  160  173  162  149  133  

-------------------------------------------------------------------------------

Number of jobs: 25  Number of machines: 2

Initialization time: 1

Setup times: 15  33  22  9  12  23  13  17  24  13  20  8  24  8  10  30  30  15  18  22  20  7  5  31  29  

Processing times: 165  177  192  166  173  196  165  124  167  173  156  131  154  165  139  183  200  158  161  139  174  189  159  121  181  

-------------------------------------------------------------------------------

Number of jobs: 25  Number of machines: 2

Initialization time: 1

Setup times: 24  32  30  11  14  33  8  6  13  31  7  31  32  9  24  34  16  11  15  13  14  11  8  34  10  

Processing times: 143  159  180  192  190  200  126  149  179  122  169  156  155  188  182  131  150  165  133  198  134  133  126  183  126  

-------------------------------------------------------------------------------

Number of jobs: 25  Number of machines: 2

Initialization time: 1

Setup times: 19  20  8  22  5  17  18  6  11  16  18  16  11  12  27  27  9  35  29  13  6  14  29  16  10  

Processing times: 133  130  185  121  131  191  142  197  123  154  140  181  192  121  137  157  120  199  177  144  142  177  120  160  153  

-------------------------------------------------------------------------------

Number of jobs: 25  Number of machines: 2

Initialization time: 1

Setup times: 6  12  30  27  27  19  28  22  22  20  6  30  24  34  24  12  26  8  7  28  18  17  15  21  18  

Processing times: 152  136  151  129  127  148  180  174  182  154  199  131  155  136  196  123  181  176  162  136  184  125  139  130  135  

-------------------------------------------------------------------------------

Number of jobs: 25  Number of machines: 2

Initialization time: 1

Setup times: 7  5  34  21  16  33  10  15  10  34  32  9  30  20  17  9  30  28  31  16  18  15  28  23  17  

Processing times: 163  128  188  127  155  199  192  128  195  175  167  195  135  200  151  151  189  183  126  133  143  188  189  125  182  

-------------------------------------------------------------------------------

Number of jobs: 25  Number of machines: 2

Initialization time: 1

Setup times: 7  18  23  33  31  20  23  9  29  24  31  30  21  32  5  14  11  20  23  14  16  29  5  30  5  

Processing times: 178  137  165  121  158  197  187  197  150  187  167  120  172  165  136  161  189  186  164  155  153  179  184  173  197  

-------------------------------------------------------------------------------

Number of jobs: 25  Number of machines: 2

Initialization time: 1

Setup times: 34  5  18  31  34  6  10  15  22  14  23  15  26  22  24  13  32  25  33  19  29  13  15  26  16  

Processing times: 171  154  139  160  162  145  151  196  184  149  174  150  141  171  128  191  152  173  125  139  156  183  143  172  120  

-------------------------------------------------------------------------------

Number of jobs: 25  Number of machines: 2

Initialization time: 1

Setup times: 25  21  19  14  24  10  28  16  29  27  7  6  27  10  29  9  30  23  28  7  6  18  17  9  11  

Processing times: 152  139  125  192  127  162  196  153  183  170  153  156  155  159  178  123  155  145  192  195  151  130  200  157  136  

-------------------------------------------------------------------------------

Number of jobs: 25  Number of machines: 2

Initialization time: 1

Setup times: 30  29  18  18  5  21  10  13  5  11  26  19  24  10  34  24  23  18  7  20  13  8  14  35  31  

Processing times: 174  145  182  196  129  158  153  184  173  169  193  140  161  198  192  139  186  156  162  178  131  137  147  163  166  

-------------------------------------------------------------------------------

Number of jobs: 25  Number of machines: 2

Initialization time: 1

Setup times: 33  32  19  23  19  10  33  34  19  27  35  20  9  33  30  35  34  8  25  11  6  6  12  26  26  

Processing times: 130  183  124  177  160  167  153  196  188  174  155  134  139  120  199  177  139  178  196  162  175  146  127  124  152  

-------------------------------------------------------------------------------

Number of jobs: 25  Number of machines: 2

Initialization time: 1

Setup times: 29  31  30  8  17  28  15  27  30  11  21  5  9  27  11  8  17  33  8  29  20  8  34  24  11  

Processing times: 143  183  148  148  199  131  154  169  175  138  157  175  129  153  154  178  120  124  159  194  192  188  187  198  133  

-------------------------------------------------------------------------------

Number of jobs: 25  Number of machines: 2

Initialization time: 1

Setup times: 8  24  10  32  32  33  30  31  10  17  19  28  26  22  29  18  14  11  25  12  9  11  19  30  35  

Processing times: 131  156  161  199  172  171  153  173  148  182  175  163  166  167  158  182  159  162  128  193  187  150  129  197  156  

-------------------------------------------------------------------------------

Number of jobs: 25  Number of machines: 2

Initialization time: 1

Setup times: 32  19  32  6  28  6  14  7  34  18  30  11  11  6  14  6  32  7  10  9  28  8  30  34  14  

Processing times: 157  179  173  155  131  142  189  182  147  128  138  163  176  167  143  187  137  192  187  165  170  131  122  143  144  

-------------------------------------------------------------------------------

Number of jobs: 25  Number of machines: 2

Initialization time: 1

Setup times: 24  18  35  13  7  12  8  30  21  12  17  31  16  25  25  27  29  34  17  5  30  17  29  33  21  

Processing times: 144  194  124  126  188  139  154  177  173  139  163  160  150  140  178  195  194  131  145  174  121  178  171  184  195  

-------------------------------------------------------------------------------

Number of jobs: 25  Number of machines: 2

Initialization time: 1

Setup times: 20  9  13  7  23  13  31  11  9  12  9  15  24  35  8  17  20  6  8  11  20  7  9  25  18  

Processing times: 164  190  155  148  140  161  167  176  184  186  146  132  156  160  156  186  181  127  143  135  172  171  153  175  194  

-------------------------------------------------------------------------------

Number of jobs: 25  Number of machines: 2

Initialization time: 1

Setup times: 12  23  5  6  22  28  10  32  9  25  28  12  17  15  20  34  6  32  16  24  6  31  34  34  22  

Processing times: 199  180  179  136  133  190  171  192  141  152  159  141  160  126  148  150  155  161  163  183  190  146  120  123  161  

-------------------------------------------------------------------------------

Number of jobs: 25  Number of machines: 2

Initialization time: 1

Setup times: 8  34  16  33  28  25  16  16  18  8  19  20  32  15  8  14  27  30  17  11  27  18  8  12  14  

Processing times: 163  194  189  200  177  127  199  170  190  126  128  133  179  162  163  190  190  142  121  135  175  164  183  121  200  

-------------------------------------------------------------------------------

Number of jobs: 25  Number of machines: 2

Initialization time: 1

Setup times: 25  28  30  28  26  29  17  23  23  23  24  34  29  25  30  24  15  20  32  5  23  14  20  22  26  

Processing times: 154  182  135  161  195  143  131  128  172  183  146  133  142  136  172  167  181  182  120  167  155  139  165  143  124  

-------------------------------------------------------------------------------

Number of jobs: 25  Number of machines: 2

Initialization time: 1

Setup times: 15  19  24  29  17  6  24  31  20  9  9  21  10  10  31  30  13  31  26  25  25  15  15  5  28  

Processing times: 121  158  158  173  179  169  151  121  141  171  175  134  197  120  189  136  173  193  178  163  169  130  145  144  141  

-------------------------------------------------------------------------------

Number of jobs: 25  Number of machines: 2

Initialization time: 1

Setup times: 7  11  5  31  11  5  24  23  21  17  14  16  24  24  31  26  14  15  9  35  7  23  14  31  17  

Processing times: 124  168  157  131  133  147  134  166  145  120  121  138  188  185  181  169  124  137  166  153  197  141  166  144  125  

-------------------------------------------------------------------------------

Number of jobs: 25  Number of machines: 2

Initialization time: 1

Setup times: 27  35  12  8  21  9  28  5  32  15  5  6  23  29  35  33  18  27  23  17  22  33  6  23  5  

Processing times: 175  165  126  159  147  153  162  143  177  179  149  171  131  140  132  154  178  126  165  165  146  120  155  149  144  

-------------------------------------------------------------------------------

Number of jobs: 25  Number of machines: 2

Initialization time: 1

Setup times: 26  30  15  18  21  25  29  11  14  34  10  22  10  34  14  26  26  19  9  24  15  18  29  17  29  

Processing times: 179  121  169  168  168  177  120  172  144  147  160  182  193  146  188  187  121  186  123  191  164  168  187  180  176  

-------------------------------------------------------------------------------

Number of jobs: 25  Number of machines: 2

Initialization time: 1

Setup times: 8  23  16  25  33  9  23  28  34  22  7  15  30  28  31  28  9  12  9  25  14  24  31  28  13  

Processing times: 184  173  191  193  190  184  182  138  200  138  136  199  169  192  157  176  175  142  185  150  145  172  127  141  155  

-------------------------------------------------------------------------------

Number of jobs: 25  Number of machines: 2

Initialization time: 1

Setup times: 35  21  20  13  16  16  16  14  21  35  12  19  8  13  5  28  23  26  16  13  27  13  21  33  26  

Processing times: 162  190  141  177  126  145  120  172  133  177  195  126  148  130  146  177  189  124  159  177  156  168  161  137  137  

-------------------------------------------------------------------------------

Number of jobs: 25  Number of machines: 2

Initialization time: 1

Setup times: 22  33  25  19  27  33  29  25  17  27  16  17  8  19  28  27  34  30  10  33  21  33  6  23  28  

Processing times: 132  156  177  170  190  164  194  197  189  144  128  147  129  177  130  199  181  172  125  180  187  182  120  124  129  

-------------------------------------------------------------------------------

Number of jobs: 25  Number of machines: 2

Initialization time: 1

Setup times: 5  21  19  24  7  5  29  22  22  9  9  16  8  16  28  27  10  14  25  7  14  16  7  24  31  

Processing times: 122  184  196  171  130  120  187  186  199  149  155  121  137  158  124  167  170  170  133  180  124  149  177  143  133  

-------------------------------------------------------------------------------

Number of jobs: 25  Number of machines: 2

Initialization time: 1

Setup times: 23  20  13  19  17  15  21  9  14  30  21  23  8  14  7  29  20  21  17  33  34  33  32  24  21  

Processing times: 184  122  120  143  171  194  132  176  185  146  138  127  190  169  162  197  200  151  171  165  191  157  195  169  174  

-------------------------------------------------------------------------------

Number of jobs: 25  Number of machines: 2

Initialization time: 1

Setup times: 16  32  24  10  17  6  27  27  16  19  21  26  34  11  28  29  22  11  25  7  15  26  22  6  22  

Processing times: 140  194  169  127  189  124  193  130  149  184  141  132  131  149  168  180  155  126  121  193  192  141  190  129  146  

-------------------------------------------------------------------------------

Number of jobs: 25  Number of machines: 2

Initialization time: 1

Setup times: 9  32  6  28  14  11  34  14  15  34  32  20  14  15  33  29  7  12  9  7  22  15  34  27  25  

Processing times: 127  152  170  145  133  157  126  152  143  133  159  127  172  183  183  155  143  156  138  149  144  200  148  163  121  

-------------------------------------------------------------------------------

Number of jobs: 25  Number of machines: 2

Initialization time: 1

Setup times: 19  22  11  14  21  16  21  15  9  27  31  21  24  16  22  29  25  17  21  11  24  28  33  15  29  

Processing times: 151  150  151  188  182  189  199  155  159  185  190  130  154  127  176  148  150  192  134  141  200  188  150  197  147  

-------------------------------------------------------------------------------

Number of jobs: 25  Number of machines: 2

Initialization time: 1

Setup times: 24  34  26  33  34  11  13  34  26  16  11  25  20  11  30  18  28  15  31  29  8  13  21  12  6  

Processing times: 154  146  189  154  140  174  160  122  168  156  153  193  198  173  142  168  151  137  147  166  171  125  136  126  176  

-------------------------------------------------------------------------------

Number of jobs: 25  Number of machines: 2

Initialization time: 1

Setup times: 20  30  5  16  11  24  27  26  28  7  22  29  34  19  19  15  35  35  14  5  16  10  8  13  17  

Processing times: 126  192  134  177  160  125  183  187  158  193  192  198  148  179  139  194  173  172  193  180  122  140  136  178  162  


