Number of jobs: 25  Number of machines: 2

Initialization time: 1

Setup times: 6  23  7  13  21  23  23  7  21  18  26  32  10  25  19  13  31  16  20  13  27  22  29  6  8  

Processing times: 45  43  35  20  41  40  24  47  40  18  30  23  21  17  26  44  39  25  38  39  27  43  18  21  22  

-------------------------------------------------------------------------------

Number of jobs: 25  Number of machines: 2

Initialization time: 1

Setup times: 23  15  30  27  9  29  30  20  31  7  12  20  14  31  5  33  34  33  32  30  28  22  33  34  10  

Processing times: 41  30  40  29  45  42  47  27  20  40  46  33  37  37  29  47  33  42  36  18  29  17  23  45  42  

-------------------------------------------------------------------------------

Number of jobs: 25  Number of machines: 2

Initialization time: 1

Setup times: 32  17  22  27  18  13  22  32  14  33  33  10  7  17  16  6  16  13  35  6  13  27  11  5  8  

Processing times: 36  34  45  19  21  44  45  21  21  28  45  34  24  45  17  30  25  38  21  18  17  43  20  38  37  

-------------------------------------------------------------------------------

Number of jobs: 25  Number of machines: 2

Initialization time: 1

Setup times: 13  14  17  12  31  11  35  11  32  11  9  34  15  31  9  8  24  19  33  20  22  14  18  5  18  

Processing times: 20  44  31  46  32  36  19  22  36  46  42  17  45  21  17  17  31  19  40  46  47  20  30  41  30  

-------------------------------------------------------------------------------

Number of jobs: 25  Number of machines: 2

Initialization time: 1

Setup times: 25  18  19  8  13  7  26  19  34  24  30  26  20  13  8  24  17  5  22  9  7  29  26  10  33  

Processing times: 39  30  45  22  44  42  28  20  37  22  38  27  40  41  23  26  27  34  30  37  45  25  40  19  41  

-------------------------------------------------------------------------------

Number of jobs: 25  Number of machines: 2

Initialization time: 1

Setup times: 12  7  34  25  9  15  29  23  23  30  27  18  13  34  25  15  33  26  30  8  9  35  14  11  6  

Processing times: 18  43  30  19  34  44  30  19  17  33  33  19  21  25  24  17  31  38  29  28  23  22  40  39  45  

-------------------------------------------------------------------------------

Number of jobs: 25  Number of machines: 2

Initialization time: 1

Setup times: 21  8  18  8  13  9  33  12  16  15  33  33  15  35  25  32  29  12  21  26  27  13  34  19  28  

Processing times: 39  40  34  36  22  25  24  22  29  27  27  29  28  23  44  34  39  25  27  44  40  20  32  33  40  

-------------------------------------------------------------------------------

Number of jobs: 25  Number of machines: 2

Initialization time: 1

Setup times: 16  20  6  22  20  29  27  14  18  23  8  17  16  12  31  16  21  31  23  20  18  7  5  31  23  

Processing times: 23  46  27  30  21  25  36  34  18  38  20  27  28  28  46  43  31  27  40  20  25  30  34  36  23  

-------------------------------------------------------------------------------

Number of jobs: 25  Number of machines: 2

Initialization time: 1

Setup times: 5  17  32  15  24  14  27  22  12  29  9  28  7  21  34  22  18  16  19  26  35  18  9  7  28  

Processing times: 43  22  18  47  31  40  24  18  17  31  44  41  43  22  43  43  33  20  29  35  34  22  35  28  25  

-------------------------------------------------------------------------------

Number of jobs: 25  Number of machines: 2

Initialization time: 1

Setup times: 27  25  22  6  25  29  6  9  16  22  15  28  8  33  14  31  6  32  13  14  28  28  14  21  14  

Processing times: 44  18  22  17  25  32  21  23  32  38  29  41  32  34  33  25  46  40  26  38  44  26  39  39  45  

-------------------------------------------------------------------------------

Number of jobs: 25  Number of machines: 2

Initialization time: 1

Setup times: 32  11  33  6  12  6  23  27  29  25  29  17  7  28  8  21  9  9  15  7  25  8  6  23  29  

Processing times: 33  29  38  22  17  28  32  31  18  17  45  26  23  28  45  24  41  26  34  18  24  35  30  44  26  

-------------------------------------------------------------------------------

Number of jobs: 25  Number of machines: 2

Initialization time: 1

Setup times: 31  13  27  22  6  11  20  10  32  9  29  6  16  33  33  20  7  14  10  33  29  25  31  23  13  

Processing times: 40  39  32  18  22  24  23  29  42  18  39  22  35  41  21  22  27  27  17  31  47  23  17  18  28  

-------------------------------------------------------------------------------

Number of jobs: 25  Number of machines: 2

Initialization time: 1

Setup times: 27  22  24  8  11  24  15  34  13  28  22  18  31  35  26  6  8  27  7  32  13  28  18  30  5  

Processing times: 38  22  37  18  42  25  31  33  45  29  32  41  34  46  47  44  36  18  24  28  28  41  24  34  43  

-------------------------------------------------------------------------------

Number of jobs: 25  Number of machines: 2

Initialization time: 1

Setup times: 12  14  20  31  18  9  26  23  10  7  12  23  6  22  35  8  12  22  6  15  5  19  26  6  30  

Processing times: 45  33  37  19  44  21  44  41  20  27  38  32  21  20  23  25  47  25  36  25  30  47  30  26  44  

-------------------------------------------------------------------------------

Number of jobs: 25  Number of machines: 2

Initialization time: 1

Setup times: 17  7  14  35  30  14  10  21  8  13  9  19  11  10  17  20  27  12  31  5  34  29  18  30  12  

Processing times: 23  37  26  19  34  33  36  36  33  46  45  31  34  31  46  31  40  18  24  43  43  35  37  40  44  

-------------------------------------------------------------------------------

Number of jobs: 25  Number of machines: 2

Initialization time: 1

Setup times: 26  9  31  20  20  31  32  29  28  7  9  20  24  24  9  27  34  22  10  27  21  32  11  29  25  

Processing times: 36  41  29  40  35  46  22  23  27  21  36  40  42  19  26  46  35  36  18  47  26  46  44  34  43  

-------------------------------------------------------------------------------

Number of jobs: 25  Number of machines: 2

Initialization time: 1

Setup times: 10  31  10  13  32  33  10  12  18  30  26  22  21  20  34  15  25  6  17  15  31  24  13  26  17  

Processing times: 47  23  40  39  35  32  24  27  20  44  46  24  39  29  27  34  46  21  44  22  26  43  46  46  28  

-------------------------------------------------------------------------------

Number of jobs: 25  Number of machines: 2

Initialization time: 1

Setup times: 31  32  17  26  17  17  13  24  34  16  32  30  20  15  9  10  19  28  18  6  5  11  25  24  7  

Processing times: 32  19  29  35  36  31  37  19  43  40  20  26  45  21  44  27  21  47  38  19  43  37  21  28  39  

-------------------------------------------------------------------------------

Number of jobs: 25  Number of machines: 2

Initialization time: 1

Setup times: 11  15  28  20  30  34  27  6  8  33  7  32  20  14  21  15  25  25  30  23  13  13  24  9  11  

Processing times: 23  29  41  32  33  45  22  45  20  29  28  43  31  37  29  42  35  26  21  22  31  44  38  17  33  

-------------------------------------------------------------------------------

Number of jobs: 25  Number of machines: 2

Initialization time: 1

Setup times: 26  13  5  26  12  17  13  11  19  9  7  32  13  28  20  8  30  20  13  22  24  21  22  28  21  

Processing times: 40  45  26  21  23  32  46  20  42  20  43  24  36  21  40  23  44  34  44  40  19  22  31  35  37  

-------------------------------------------------------------------------------

Number of jobs: 25  Number of machines: 2

Initialization time: 1

Setup times: 14  9  8  18  10  10  34  15  9  18  35  15  27  18  23  14  19  7  7  18  7  18  18  15  34  

Processing times: 37  45  20  20  29  30  30  23  45  19  30  23  17  27  41  20  37  43  18  45  25  38  28  42  37  

-------------------------------------------------------------------------------

Number of jobs: 25  Number of machines: 2

Initialization time: 1

Setup times: 9  16  21  9  5  28  30  31  26  21  18  32  16  22  8  29  15  13  6  5  5  9  16  9  28  

Processing times: 36  17  32  43  25  35  31  24  44  32  29  31  22  26  47  32  21  33  30  17  26  41  35  43  47  

-------------------------------------------------------------------------------

Number of jobs: 25  Number of machines: 2

Initialization time: 1

Setup times: 30  20  31  31  18  15  8  12  19  11  28  34  11  32  30  13  17  25  30  15  7  22  7  29  32  

Processing times: 21  36  38  31  43  25  28  22  24  21  25  36  29  44  35  23  32  37  45  36  19  37  32  35  21  

-------------------------------------------------------------------------------

Number of jobs: 25  Number of machines: 2

Initialization time: 1

Setup times: 32  11  26  32  33  34  16  35  20  16  8  7  26  14  32  31  27  22  29  12  10  11  24  9  23  

Processing times: 34  28  32  45  42  44  25  46  47  35  38  47  47  46  18  23  25  20  29  23  39  33  28  36  46  

-------------------------------------------------------------------------------

Number of jobs: 25  Number of machines: 2

Initialization time: 1

Setup times: 13  15  22  21  11  29  29  28  30  34  6  24  33  16  17  12  10  31  30  26  25  28  34  29  16  

Processing times: 24  25  18  21  28  31  41  36  19  37  41  19  27  17  43  44  31  42  42  37  35  23  23  20  19  

-------------------------------------------------------------------------------

Number of jobs: 25  Number of machines: 2

Initialization time: 1

Setup times: 13  9  27  13  30  13  14  31  22  24  24  26  18  13  28  10  7  22  29  8  11  9  24  18  29  

Processing times: 28  38  39  46  41  40  32  36  18  25  17  39  20  37  35  37  36  32  25  24  27  40  31  37  27  

-------------------------------------------------------------------------------

Number of jobs: 25  Number of machines: 2

Initialization time: 1

Setup times: 9  7  6  15  14  32  28  22  30  17  23  5  16  25  5  33  23  9  10  11  24  21  21  14  18  

Processing times: 34  43  39  32  44  20  25  32  41  39  31  38  43  40  27  37  37  41  41  45  35  34  33  27  42  

-------------------------------------------------------------------------------

Number of jobs: 25  Number of machines: 2

Initialization time: 1

Setup times: 9  6  25  22  34  22  19  23  18  11  23  33  7  35  8  24  13  18  7  7  35  11  17  10  6  

Processing times: 42  36  34  40  46  46  40  34  37  30  36  41  28  41  41  47  46  47  44  44  44  39  26  27  30  

-------------------------------------------------------------------------------

Number of jobs: 25  Number of machines: 2

Initialization time: 1

Setup times: 31  9  20  20  5  16  7  23  7  13  8  18  27  16  16  16  17  33  11  22  13  23  26  18  29  

Processing times: 38  41  28  41  18  39  35  36  33  31  21  46  23  43  22  41  46  30  47  42  33  37  26  21  19  

-------------------------------------------------------------------------------

Number of jobs: 25  Number of machines: 2

Initialization time: 1

Setup times: 25  28  34  20  19  29  30  26  22  29  17  20  35  22  13  20  8  29  33  27  32  9  20  21  12  

Processing times: 44  26  40  42  25  46  27  45  33  20  19  44  17  36  26  41  18  27  35  35  27  40  42  39  24  

-------------------------------------------------------------------------------

Number of jobs: 25  Number of machines: 2

Initialization time: 1

Setup times: 27  34  33  13  19  15  23  30  31  27  17  32  13  21  12  26  33  15  16  6  6  31  9  31  34  

Processing times: 39  42  45  28  44  23  31  25  44  28  23  23  26  32  47  30  38  35  21  46  21  20  35  23  21  

-------------------------------------------------------------------------------

Number of jobs: 25  Number of machines: 2

Initialization time: 1

Setup times: 11  30  10  14  29  34  7  12  8  18  11  24  24  8  5  33  25  15  12  6  17  19  8  12  17  

Processing times: 33  46  42  19  37  43  24  23  20  19  38  34  22  36  46  36  22  21  37  29  33  42  22  30  39  

-------------------------------------------------------------------------------

Number of jobs: 25  Number of machines: 2

Initialization time: 1

Setup times: 33  29  14  27  11  28  18  34  12  24  8  20  20  26  12  12  13  11  10  34  12  8  12  27  24  

Processing times: 44  47  29  41  38  44  32  19  22  39  19  37  46  38  35  26  28  17  35  32  18  19  46  45  45  

-------------------------------------------------------------------------------

Number of jobs: 25  Number of machines: 2

Initialization time: 1

Setup times: 5  8  27  35  19  6  10  19  34  12  12  20  12  6  31  31  5  10  10  31  5  25  9  19  19  

Processing times: 23  28  31  41  45  31  42  21  18  26  42  40  46  27  35  42  26  34  22  27  41  45  17  46  44  

-------------------------------------------------------------------------------

Number of jobs: 25  Number of machines: 2

Initialization time: 1

Setup times: 12  30  15  13  23  11  27  29  15  17  19  12  27  12  30  11  13  16  35  33  13  22  24  35  29  

Processing times: 34  25  24  43  25  46  38  20  38  46  39  35  23  28  31  39  27  43  17  22  36  40  20  22  17  

-------------------------------------------------------------------------------

Number of jobs: 25  Number of machines: 2

Initialization time: 1

Setup times: 7  14  22  28  12  20  8  11  22  19  33  30  29  29  24  16  29  21  23  20  30  27  7  35  29  

Processing times: 28  36  43  37  28  44  17  23  18  33  29  25  28  27  18  20  20  32  46  46  39  41  18  38  45  

-------------------------------------------------------------------------------

Number of jobs: 25  Number of machines: 2

Initialization time: 1

Setup times: 28  17  15  21  7  15  12  9  18  12  10  32  19  13  16  24  30  20  11  20  12  9  17  15  15  

Processing times: 34  29  20  45  44  28  38  19  21  30  22  47  19  27  19  32  26  21  25  26  26  27  28  47  28  

-------------------------------------------------------------------------------

Number of jobs: 25  Number of machines: 2

Initialization time: 1

Setup times: 20  14  31  18  15  8  20  6  29  27  11  21  15  21  29  11  17  29  29  26  18  28  19  26  23  

Processing times: 30  46  31  43  31  24  40  20  47  20  31  28  17  19  44  24  32  39  31  17  35  28  17  47  31  

-------------------------------------------------------------------------------

Number of jobs: 25  Number of machines: 2

Initialization time: 1

Setup times: 17  8  8  9  18  9  23  21  28  17  7  20  23  16  27  19  28  13  5  21  27  10  31  7  32  

Processing times: 44  30  42  25  26  45  29  41  29  27  19  36  21  31  40  43  17  23  38  17  30  46  30  17  32  

-------------------------------------------------------------------------------

Number of jobs: 25  Number of machines: 2

Initialization time: 1

Setup times: 12  31  29  14  29  31  28  25  11  13  22  23  30  6  6  24  10  15  13  26  20  21  7  6  20  

Processing times: 30  29  37  19  28  40  33  30  29  31  18  19  36  18  17  39  43  20  22  46  31  44  46  41  25  

-------------------------------------------------------------------------------

Number of jobs: 25  Number of machines: 2

Initialization time: 1

Setup times: 14  27  5  15  22  20  28  10  34  29  24  35  9  28  23  18  24  12  21  19  13  23  31  9  26  

Processing times: 31  22  38  43  40  45  19  30  37  38  41  38  28  26  27  38  30  21  31  40  33  40  41  20  44  

-------------------------------------------------------------------------------

Number of jobs: 25  Number of machines: 2

Initialization time: 1

Setup times: 34  21  18  11  7  15  11  30  27  14  14  31  32  32  7  19  5  12  23  13  8  10  9  14  35  

Processing times: 30  35  21  40  28  46  18  41  41  25  41  47  39  30  27  31  32  17  40  44  17  26  37  18  18  

-------------------------------------------------------------------------------

Number of jobs: 25  Number of machines: 2

Initialization time: 1

Setup times: 6  19  32  24  24  22  6  20  13  5  8  13  24  8  19  23  9  29  18  33  11  27  27  19  23  

Processing times: 28  44  32  21  30  41  21  24  23  28  44  20  34  37  29  37  33  41  17  47  34  25  27  38  25  

-------------------------------------------------------------------------------

Number of jobs: 25  Number of machines: 2

Initialization time: 1

Setup times: 25  20  18  22  14  8  21  17  15  28  8  25  26  33  10  32  18  14  24  9  33  7  29  15  12  

Processing times: 40  19  23  28  31  31  35  26  37  29  42  36  45  42  46  17  40  17  43  28  21  28  17  37  17  

-------------------------------------------------------------------------------

Number of jobs: 25  Number of machines: 2

Initialization time: 1

Setup times: 17  32  5  8  21  10  18  13  33  10  9  7  24  23  33  12  31  15  28  7  14  20  22  27  27  

Processing times: 25  42  31  28  33  31  20  26  36  34  18  34  18  35  23  45  28  47  43  27  33  37  26  40  33  

-------------------------------------------------------------------------------

Number of jobs: 25  Number of machines: 2

Initialization time: 1

Setup times: 6  15  11  33  33  33  12  30  16  32  24  17  5  23  15  34  31  16  32  9  27  9  15  13  32  

Processing times: 21  30  41  43  26  43  21  30  26  42  45  26  27  18  37  28  24  47  40  39  23  21  28  26  42  

-------------------------------------------------------------------------------

Number of jobs: 25  Number of machines: 2

Initialization time: 1

Setup times: 13  12  24  15  5  11  32  14  29  35  17  13  25  30  15  10  10  32  18  18  26  26  25  19  30  

Processing times: 36  39  24  43  44  20  23  17  45  33  19  34  33  22  33  42  23  45  31  17  22  26  34  42  36  

-------------------------------------------------------------------------------

Number of jobs: 25  Number of machines: 2

Initialization time: 1

Setup times: 29  10  6  6  28  16  17  34  17  12  30  17  17  7  10  28  9  6  5  34  9  9  11  34  28  

Processing times: 38  20  35  43  43  30  26  27  27  47  40  18  31  30  19  22  38  32  35  44  36  39  28  38  25  

-------------------------------------------------------------------------------

Number of jobs: 25  Number of machines: 2

Initialization time: 1

Setup times: 34  21  28  12  15  20  12  5  8  32  24  26  12  22  21  20  18  12  8  24  31  24  31  31  30  

Processing times: 31  27  23  39  44  35  39  45  45  44  42  43  42  23  23  28  32  47  34  35  28  36  26  26  44  

-------------------------------------------------------------------------------

Number of jobs: 25  Number of machines: 2

Initialization time: 1

Setup times: 20  24  13  5  8  26  15  31  10  15  16  5  20  35  33  34  19  6  6  18  34  27  30  13  31  

Processing times: 31  29  33  30  36  25  34  46  33  23  19  40  46  45  27  17  41  36  47  26  45  44  38  44  47  


