Number of jobs: 25  Number of machines: 2

Initialization time: 1

Setup times: 33  34  11  21  5  28  25  34  10  21  14  14  30  14  13  13  33  28  20  19  6  34  22  13  30  

Processing times: 26  20  20  7  30  16  6  26  26  24  21  29  5  8  18  17  11  34  22  29  23  16  33  9  35  

-------------------------------------------------------------------------------

Number of jobs: 25  Number of machines: 2

Initialization time: 1

Setup times: 15  30  19  22  11  5  23  29  19  9  27  28  21  5  33  6  15  12  26  5  26  7  35  24  14  

Processing times: 24  10  7  25  29  30  19  8  11  25  33  18  25  28  8  26  35  9  10  8  35  31  24  31  23  

-------------------------------------------------------------------------------

Number of jobs: 25  Number of machines: 2

Initialization time: 1

Setup times: 20  33  20  31  19  10  30  33  19  12  28  31  6  31  15  19  10  23  20  23  32  29  31  22  28  

Processing times: 10  33  12  13  13  26  22  6  8  6  22  8  25  29  15  28  12  5  32  14  8  16  17  19  10  

-------------------------------------------------------------------------------

Number of jobs: 25  Number of machines: 2

Initialization time: 1

Setup times: 14  29  17  11  14  7  26  5  17  19  6  18  20  20  22  14  35  18  13  30  31  12  20  19  19  

Processing times: 15  16  11  32  5  13  15  30  20  34  26  34  20  33  25  27  30  33  19  18  21  29  25  32  29  

-------------------------------------------------------------------------------

Number of jobs: 25  Number of machines: 2

Initialization time: 1

Setup times: 20  22  32  8  16  24  21  11  12  16  11  29  18  33  8  6  26  23  17  15  33  11  6  12  15  

Processing times: 35  31  20  5  22  7  21  33  17  16  32  10  18  21  25  35  11  35  19  11  32  14  19  21  23  

-------------------------------------------------------------------------------

Number of jobs: 25  Number of machines: 2

Initialization time: 1

Setup times: 5  16  18  24  20  13  7  24  23  11  25  22  6  31  11  14  22  16  27  10  29  9  29  33  13  

Processing times: 34  26  20  23  7  20  27  31  5  29  5  15  31  25  27  14  13  34  13  14  30  30  30  25  30  

-------------------------------------------------------------------------------

Number of jobs: 25  Number of machines: 2

Initialization time: 1

Setup times: 9  9  17  30  24  27  17  14  21  19  18  34  31  31  17  28  25  19  28  23  31  9  35  19  11  

Processing times: 26  10  26  8  7  15  23  32  7  9  30  17  29  6  27  11  30  13  17  34  26  35  21  8  22  

-------------------------------------------------------------------------------

Number of jobs: 25  Number of machines: 2

Initialization time: 1

Setup times: 14  27  17  10  30  11  20  16  18  5  31  10  10  35  15  31  22  23  22  32  21  32  6  34  20  

Processing times: 22  24  9  13  10  25  8  19  17  13  24  17  30  23  28  10  23  15  29  19  19  11  6  28  23  

-------------------------------------------------------------------------------

Number of jobs: 25  Number of machines: 2

Initialization time: 1

Setup times: 5  22  11  24  15  15  35  21  23  29  15  25  30  6  31  30  33  28  32  34  27  26  18  17  13  

Processing times: 24  18  31  19  33  21  31  29  10  15  28  20  7  5  19  22  15  10  22  30  10  26  24  20  12  

-------------------------------------------------------------------------------

Number of jobs: 25  Number of machines: 2

Initialization time: 1

Setup times: 28  12  5  31  34  16  31  34  9  6  28  20  15  34  23  23  10  11  31  15  8  27  35  5  28  

Processing times: 35  31  30  12  8  30  34  35  20  18  30  10  33  11  24  9  7  8  34  32  16  29  15  28  6  

-------------------------------------------------------------------------------

Number of jobs: 25  Number of machines: 2

Initialization time: 1

Setup times: 11  31  30  27  34  6  20  11  33  26  5  7  9  34  5  28  16  24  34  25  22  5  18  18  18  

Processing times: 25  35  21  12  16  10  5  18  11  5  11  17  16  16  11  24  10  20  16  26  24  32  29  21  29  

-------------------------------------------------------------------------------

Number of jobs: 25  Number of machines: 2

Initialization time: 1

Setup times: 6  7  8  16  5  27  6  23  11  23  21  16  18  29  14  34  14  16  15  21  13  20  6  15  24  

Processing times: 32  31  21  6  6  14  14  29  27  11  21  22  12  29  10  23  20  21  14  29  26  11  18  22  11  

-------------------------------------------------------------------------------

Number of jobs: 25  Number of machines: 2

Initialization time: 1

Setup times: 27  16  15  34  13  16  18  11  33  26  22  33  10  5  23  6  29  12  13  33  20  13  13  27  29  

Processing times: 10  6  6  32  21  21  8  30  30  16  34  28  31  28  33  33  21  20  8  21  22  19  31  6  28  

-------------------------------------------------------------------------------

Number of jobs: 25  Number of machines: 2

Initialization time: 1

Setup times: 19  6  13  32  8  26  25  13  21  21  31  33  13  7  24  7  14  34  35  14  26  8  17  24  34  

Processing times: 27  30  12  5  15  12  26  16  13  21  33  30  24  16  12  18  20  11  19  30  30  27  9  25  25  

-------------------------------------------------------------------------------

Number of jobs: 25  Number of machines: 2

Initialization time: 1

Setup times: 27  16  31  7  13  19  15  15  19  28  9  31  18  26  20  14  31  24  15  8  7  9  25  23  21  

Processing times: 8  23  9  27  21  35  24  15  33  20  23  35  18  25  10  35  9  24  10  7  8  6  17  26  26  

-------------------------------------------------------------------------------

Number of jobs: 25  Number of machines: 2

Initialization time: 1

Setup times: 22  34  21  31  9  25  33  17  22  23  31  16  25  13  29  5  21  31  16  20  11  29  28  32  30  

Processing times: 15  6  16  19  19  22  11  27  22  18  14  25  26  27  18  14  16  6  23  13  24  24  23  32  25  

-------------------------------------------------------------------------------

Number of jobs: 25  Number of machines: 2

Initialization time: 1

Setup times: 30  32  27  31  11  26  29  24  9  27  25  23  34  26  23  5  20  31  20  23  32  25  22  32  9  

Processing times: 30  17  35  6  10  19  28  14  32  30  21  18  24  27  29  25  16  9  31  29  33  14  13  12  14  

-------------------------------------------------------------------------------

Number of jobs: 25  Number of machines: 2

Initialization time: 1

Setup times: 32  35  21  20  8  21  28  21  12  32  15  17  34  10  19  17  9  17  30  16  24  30  23  24  16  

Processing times: 24  31  32  20  15  19  31  11  12  27  8  29  22  11  7  14  33  14  26  34  12  26  22  21  25  

-------------------------------------------------------------------------------

Number of jobs: 25  Number of machines: 2

Initialization time: 1

Setup times: 16  32  26  12  13  12  35  13  9  17  17  19  23  18  7  20  30  23  18  20  21  15  10  10  26  

Processing times: 18  34  13  11  8  8  7  29  23  14  13  14  21  26  26  27  5  26  19  22  29  21  35  26  22  

-------------------------------------------------------------------------------

Number of jobs: 25  Number of machines: 2

Initialization time: 1

Setup times: 10  13  8  35  30  28  31  14  27  18  20  28  13  16  29  15  28  35  13  30  7  10  18  33  7  

Processing times: 24  32  9  35  15  22  7  13  7  28  9  21  11  24  33  13  8  17  7  31  10  24  35  30  19  

-------------------------------------------------------------------------------

Number of jobs: 25  Number of machines: 2

Initialization time: 1

Setup times: 33  21  11  22  32  35  22  14  34  9  32  31  15  16  5  13  8  18  29  20  19  9  35  24  7  

Processing times: 18  11  34  5  9  29  11  19  17  27  22  26  20  13  11  24  33  9  23  7  18  30  6  21  15  

-------------------------------------------------------------------------------

Number of jobs: 25  Number of machines: 2

Initialization time: 1

Setup times: 17  34  26  35  31  23  29  28  24  14  17  15  24  34  24  17  8  28  5  25  17  24  17  26  6  

Processing times: 20  10  30  5  29  8  35  11  32  21  35  31  34  8  33  32  20  23  28  5  9  11  11  12  32  

-------------------------------------------------------------------------------

Number of jobs: 25  Number of machines: 2

Initialization time: 1

Setup times: 6  15  25  8  28  28  9  19  23  34  32  19  21  9  5  23  19  7  21  28  20  13  33  30  17  

Processing times: 15  19  8  27  29  7  11  17  5  22  9  7  35  35  8  23  25  29  14  22  29  28  31  12  26  

-------------------------------------------------------------------------------

Number of jobs: 25  Number of machines: 2

Initialization time: 1

Setup times: 6  6  32  31  25  5  16  18  19  26  19  6  24  32  22  8  29  25  6  16  32  26  30  18  14  

Processing times: 14  14  13  31  32  33  22  32  14  31  22  35  10  19  5  35  29  12  6  6  12  24  25  23  29  

-------------------------------------------------------------------------------

Number of jobs: 25  Number of machines: 2

Initialization time: 1

Setup times: 22  21  17  16  33  22  31  6  18  34  22  21  30  18  9  28  5  23  35  7  24  34  9  30  32  

Processing times: 29  5  29  27  32  33  16  5  25  20  11  26  24  28  25  26  6  26  34  30  13  10  22  6  17  

-------------------------------------------------------------------------------

Number of jobs: 25  Number of machines: 2

Initialization time: 1

Setup times: 24  5  32  26  31  20  26  16  8  23  34  10  27  13  31  30  11  23  18  22  22  12  13  6  14  

Processing times: 14  24  10  11  10  12  10  11  28  19  22  26  15  9  7  16  27  7  25  10  32  11  17  27  28  

-------------------------------------------------------------------------------

Number of jobs: 25  Number of machines: 2

Initialization time: 1

Setup times: 19  13  31  28  24  10  5  5  5  26  24  31  21  29  25  16  10  10  19  17  32  26  8  12  24  

Processing times: 16  35  32  25  17  13  35  10  12  19  26  32  33  14  6  33  15  14  27  22  21  26  24  25  11  

-------------------------------------------------------------------------------

Number of jobs: 25  Number of machines: 2

Initialization time: 1

Setup times: 26  6  33  24  8  18  15  17  20  18  31  23  18  5  29  32  15  22  13  30  25  17  26  22  20  

Processing times: 8  11  7  26  35  12  8  22  29  25  30  14  29  15  33  11  32  13  34  28  29  13  33  19  24  

-------------------------------------------------------------------------------

Number of jobs: 25  Number of machines: 2

Initialization time: 1

Setup times: 7  26  13  11  29  16  35  35  8  25  7  30  31  10  11  15  21  27  30  32  6  7  30  24  19  

Processing times: 7  8  16  23  10  27  16  14  26  9  26  24  33  18  8  21  9  10  34  22  18  14  5  15  15  

-------------------------------------------------------------------------------

Number of jobs: 25  Number of machines: 2

Initialization time: 1

Setup times: 14  18  29  20  33  19  6  13  10  16  31  15  5  21  23  9  25  21  34  35  15  15  33  19  21  

Processing times: 5  19  29  10  14  33  16  19  10  27  26  20  19  8  7  6  33  9  18  33  23  26  24  20  30  

-------------------------------------------------------------------------------

Number of jobs: 25  Number of machines: 2

Initialization time: 1

Setup times: 5  30  8  8  22  25  29  35  24  29  12  32  13  8  6  30  34  22  16  21  34  12  33  8  14  

Processing times: 22  7  7  35  34  17  6  22  17  32  6  11  11  24  13  6  34  15  19  14  17  30  5  17  27  

-------------------------------------------------------------------------------

Number of jobs: 25  Number of machines: 2

Initialization time: 1

Setup times: 9  11  27  6  13  15  14  27  33  13  14  8  30  32  25  8  30  15  31  15  33  33  32  27  30  

Processing times: 19  6  26  6  35  27  17  25  32  15  10  22  14  27  31  15  34  34  33  6  23  13  12  18  26  

-------------------------------------------------------------------------------

Number of jobs: 25  Number of machines: 2

Initialization time: 1

Setup times: 21  28  10  26  18  6  19  15  16  18  19  31  35  23  14  19  13  35  8  26  15  6  16  18  29  

Processing times: 13  24  19  31  30  34  33  19  17  17  14  35  20  28  22  9  35  6  32  30  7  26  10  7  27  

-------------------------------------------------------------------------------

Number of jobs: 25  Number of machines: 2

Initialization time: 1

Setup times: 29  14  34  27  14  33  34  30  30  27  21  32  22  13  14  16  13  27  17  22  7  20  24  29  7  

Processing times: 6  12  35  18  21  11  10  20  18  25  6  27  11  33  24  32  18  26  17  18  17  13  10  7  28  

-------------------------------------------------------------------------------

Number of jobs: 25  Number of machines: 2

Initialization time: 1

Setup times: 14  5  10  29  15  20  27  22  8  28  9  35  13  22  24  28  24  35  33  13  16  32  30  33  15  

Processing times: 35  20  8  21  18  5  18  13  23  18  9  7  10  27  30  26  34  35  13  28  34  9  27  11  17  

-------------------------------------------------------------------------------

Number of jobs: 25  Number of machines: 2

Initialization time: 1

Setup times: 8  15  13  29  29  5  29  9  6  27  6  33  7  25  28  11  21  12  25  15  24  31  18  30  23  

Processing times: 17  35  5  16  11  22  13  13  7  18  14  18  14  15  15  33  11  35  32  27  29  11  28  18  22  

-------------------------------------------------------------------------------

Number of jobs: 25  Number of machines: 2

Initialization time: 1

Setup times: 15  30  22  13  33  35  33  22  24  32  17  17  24  35  21  31  33  16  25  28  27  15  8  20  27  

Processing times: 34  34  21  12  31  30  32  32  23  15  16  31  34  17  14  25  29  21  18  18  13  19  8  23  5  

-------------------------------------------------------------------------------

Number of jobs: 25  Number of machines: 2

Initialization time: 1

Setup times: 15  31  25  9  19  11  35  29  11  29  10  32  18  23  35  7  9  11  7  34  17  5  16  21  33  

Processing times: 22  7  23  31  16  31  18  5  34  18  13  33  33  6  14  22  33  32  5  24  30  16  35  13  23  

-------------------------------------------------------------------------------

Number of jobs: 25  Number of machines: 2

Initialization time: 1

Setup times: 11  27  24  28  27  19  21  33  29  17  27  26  21  6  11  28  31  17  24  11  34  19  27  7  31  

Processing times: 29  27  13  26  21  6  26  7  24  11  9  30  30  12  7  21  27  5  8  9  6  27  5  25  9  

-------------------------------------------------------------------------------

Number of jobs: 25  Number of machines: 2

Initialization time: 1

Setup times: 27  28  23  15  35  14  18  26  24  35  34  8  32  33  22  33  24  9  7  31  18  18  30  5  31  

Processing times: 32  11  19  32  10  15  23  15  6  16  5  24  28  9  21  22  25  31  12  17  29  9  10  26  9  

-------------------------------------------------------------------------------

Number of jobs: 25  Number of machines: 2

Initialization time: 1

Setup times: 35  27  14  20  33  24  5  27  10  10  25  9  5  16  5  12  29  8  17  23  27  33  18  13  28  

Processing times: 31  19  19  29  21  28  15  10  5  32  11  6  16  35  22  24  14  10  28  21  22  24  27  5  21  

-------------------------------------------------------------------------------

Number of jobs: 25  Number of machines: 2

Initialization time: 1

Setup times: 18  22  16  9  27  31  30  24  31  9  16  14  24  32  21  12  16  13  7  33  32  21  34  13  15  

Processing times: 23  13  10  16  16  32  14  11  23  30  26  19  9  30  28  27  24  24  35  31  5  27  34  17  14  

-------------------------------------------------------------------------------

Number of jobs: 25  Number of machines: 2

Initialization time: 1

Setup times: 18  33  19  20  21  26  26  33  7  31  27  17  32  14  34  32  21  33  17  31  10  22  8  29  30  

Processing times: 9  22  24  18  14  7  10  35  35  28  34  29  7  22  27  25  18  14  6  16  6  26  29  8  21  

-------------------------------------------------------------------------------

Number of jobs: 25  Number of machines: 2

Initialization time: 1

Setup times: 7  31  28  30  10  7  28  16  14  32  30  13  32  16  13  19  26  34  31  31  5  30  25  34  14  

Processing times: 19  18  35  34  14  17  10  6  29  33  20  16  29  8  21  13  30  29  21  29  24  23  7  20  10  

-------------------------------------------------------------------------------

Number of jobs: 25  Number of machines: 2

Initialization time: 1

Setup times: 34  28  33  20  7  26  32  20  31  33  18  26  15  26  7  6  35  13  16  16  13  32  18  29  21  

Processing times: 8  20  7  35  31  19  28  28  24  12  33  33  14  35  23  20  15  23  31  20  22  30  10  21  20  

-------------------------------------------------------------------------------

Number of jobs: 25  Number of machines: 2

Initialization time: 1

Setup times: 35  5  10  30  6  34  15  11  33  21  22  10  30  34  35  20  35  8  21  17  12  22  14  18  34  

Processing times: 30  23  18  26  10  32  30  21  20  22  27  25  14  23  18  16  14  12  26  12  15  18  7  13  7  

-------------------------------------------------------------------------------

Number of jobs: 25  Number of machines: 2

Initialization time: 1

Setup times: 35  5  30  10  13  18  18  23  34  27  33  26  24  34  26  22  32  29  20  6  35  23  29  21  34  

Processing times: 24  27  8  29  23  28  7  18  19  9  35  32  34  29  7  31  7  32  15  19  28  14  21  22  19  

-------------------------------------------------------------------------------

Number of jobs: 25  Number of machines: 2

Initialization time: 1

Setup times: 12  27  13  17  28  21  20  19  29  20  33  30  34  10  23  32  11  6  33  29  33  5  32  9  15  

Processing times: 18  14  11  11  24  18  18  29  16  19  29  13  9  14  21  23  18  7  22  15  20  26  20  34  31  

-------------------------------------------------------------------------------

Number of jobs: 25  Number of machines: 2

Initialization time: 1

Setup times: 19  13  31  28  24  10  5  5  5  26  24  31  21  29  25  16  10  10  19  17  32  26  8  12  24  

Processing times: 16  35  32  25  17  13  35  10  12  19  26  32  33  14  6  33  15  14  27  22  21  26  24  25  11  

-------------------------------------------------------------------------------

Number of jobs: 25  Number of machines: 2

Initialization time: 1

Setup times: 22  34  21  31  9  25  33  17  22  23  31  16  25  13  29  5  21  31  16  20  11  29  28  32  30  

Processing times: 15  6  16  19  19  22  11  27  22  18  14  25  26  27  18  14  16  6  23  13  24  24  23  32  25  


