Number of jobs: 50  Number of machines: 2

Initialization time: 1

Setup times: 21  29  15  15  33  17  22  17  28  30  31  25  28  26  15  19  32  33  35  25  35  30  27  12  8  14  19  31  14  15  11  28  11  10  27  10  34  20  6  11  17  12  33  34  5  9  24  35  21  29  

Processing times: 24  36  10  26  8  31  28  24  33  31  12  34  37  21  11  16  20  33  13  29  27  9  17  36  15  35  33  25  16  20  24  16  23  32  20  37  29  26  33  27  11  24  10  8  18  13  13  16  31  8  

-------------------------------------------------------------------------------

Number of jobs: 50  Number of machines: 2

Initialization time: 1

Setup times: 22  12  9  23  6  5  5  12  34  7  20  31  17  9  24  22  21  11  15  29  15  34  33  20  18  16  13  9  16  28  18  21  31  16  34  9  35  7  24  10  20  11  32  23  14  13  25  33  28  24  

Processing times: 10  35  30  37  8  20  36  8  32  31  30  23  37  9  13  18  26  13  25  33  33  11  20  38  20  24  32  30  29  31  23  37  26  30  34  25  14  32  23  30  38  20  37  14  30  27  35  9  10  12  

-------------------------------------------------------------------------------

Number of jobs: 50  Number of machines: 2

Initialization time: 1

Setup times: 23  26  15  28  28  34  25  34  14  29  17  22  14  11  34  35  8  9  26  27  10  25  28  32  7  16  15  35  15  5  27  34  32  14  16  22  27  34  14  15  6  27  30  29  27  29  34  12  24  30  

Processing times: 27  19  9  12  16  27  31  35  8  20  31  12  9  19  9  21  20  38  14  15  29  25  22  31  24  32  31  25  38  22  23  25  10  17  29  16  10  35  36  14  20  24  18  33  32  18  23  18  8  15  

-------------------------------------------------------------------------------

Number of jobs: 50  Number of machines: 2

Initialization time: 1

Setup times: 12  18  35  11  35  10  13  20  30  30  25  6  8  5  22  23  16  26  8  30  7  33  13  11  6  34  12  9  10  15  14  6  31  33  10  10  27  19  14  14  12  19  13  8  23  28  28  19  22  12  

Processing times: 37  11  34  36  8  26  20  29  24  23  31  24  36  25  32  35  24  9  12  36  8  11  25  11  36  22  28  37  26  17  22  16  19  8  11  30  17  34  16  23  17  23  16  10  34  38  18  14  26  15  

-------------------------------------------------------------------------------

Number of jobs: 50  Number of machines: 2

Initialization time: 1

Setup times: 15  34  27  17  26  18  35  8  28  5  24  13  5  32  23  29  17  14  13  34  24  10  10  32  11  5  29  7  14  24  14  18  7  22  19  13  20  17  27  32  15  6  31  18  24  21  10  17  23  7  

Processing times: 19  25  31  36  18  10  16  16  28  38  23  16  34  36  20  10  20  10  9  35  9  15  18  37  19  32  15  16  38  12  19  24  15  19  26  9  36  29  16  15  20  25  32  34  32  36  34  24  17  15  

-------------------------------------------------------------------------------

Number of jobs: 50  Number of machines: 2

Initialization time: 1

Setup times: 11  32  14  30  15  34  35  8  18  27  10  30  34  19  33  28  31  30  21  16  34  20  7  28  21  20  25  34  8  31  22  12  30  24  16  18  10  20  22  24  5  24  21  10  18  15  16  7  23  14  

Processing times: 37  9  25  10  8  19  38  12  24  22  28  10  10  32  15  11  35  30  27  11  27  30  27  34  20  26  28  35  25  10  22  25  31  31  16  26  25  23  23  17  22  25  36  13  31  31  37  28  8  16  

-------------------------------------------------------------------------------

Number of jobs: 50  Number of machines: 2

Initialization time: 1

Setup times: 14  8  10  31  26  12  22  32  10  35  19  12  32  17  32  8  15  18  14  32  29  9  27  29  5  22  26  5  35  6  5  14  11  31  21  23  16  12  14  24  26  35  20  12  34  31  33  26  33  7  

Processing times: 28  17  21  26  27  23  18  11  28  12  37  28  15  18  26  16  18  30  9  12  13  38  8  29  22  32  30  22  10  19  14  34  27  32  12  18  31  12  15  22  25  15  16  18  23  16  36  11  18  26  

-------------------------------------------------------------------------------

Number of jobs: 50  Number of machines: 2

Initialization time: 1

Setup times: 30  7  19  25  30  12  35  15  29  11  13  31  9  31  7  9  32  33  8  18  26  30  23  13  7  6  25  17  9  19  34  20  19  20  28  24  21  29  34  29  27  17  7  10  33  35  27  7  11  17  

Processing times: 26  35  29  11  29  14  19  34  16  36  24  30  21  19  16  21  15  29  21  22  30  21  33  26  26  36  21  25  8  21  12  34  8  22  14  12  13  30  10  27  28  35  38  30  36  36  18  11  30  38  

-------------------------------------------------------------------------------

Number of jobs: 50  Number of machines: 2

Initialization time: 1

Setup times: 14  15  18  33  24  30  13  12  35  9  19  19  17  29  26  23  30  12  19  11  19  14  33  21  21  28  30  18  28  9  5  10  17  31  24  31  33  33  24  35  14  17  23  19  15  9  30  30  32  31  

Processing times: 19  21  26  34  33  29  36  11  33  28  23  11  24  16  14  26  18  30  33  32  30  33  38  28  14  13  22  18  25  15  34  30  10  24  32  8  33  30  14  38  19  15  24  38  18  10  26  17  14  34  

-------------------------------------------------------------------------------

Number of jobs: 50  Number of machines: 2

Initialization time: 1

Setup times: 15  5  31  21  15  23  34  12  9  22  33  13  31  13  13  10  29  35  33  27  27  5  16  26  22  20  32  12  5  16  22  24  25  31  24  7  22  33  21  22  33  18  27  15  17  10  17  6  15  25  

Processing times: 28  11  15  24  36  21  15  18  27  33  35  12  24  23  34  19  11  26  20  15  23  38  37  29  33  31  14  10  16  38  34  31  14  36  31  15  37  31  24  25  12  28  16  14  14  17  31  27  8  13  

-------------------------------------------------------------------------------

Number of jobs: 50  Number of machines: 2

Initialization time: 1

Setup times: 26  15  10  25  20  23  18  21  12  7  6  24  33  20  29  22  16  10  17  10  22  23  14  34  23  30  33  25  7  6  24  17  7  18  9  16  9  10  22  9  26  24  21  14  9  16  6  22  16  31  

Processing times: 13  23  22  29  29  12  23  34  25  14  25  10  36  9  34  14  24  10  30  23  26  15  27  29  33  24  28  14  12  22  28  38  19  16  9  8  9  10  9  33  21  16  10  21  21  30  13  23  13  9  

-------------------------------------------------------------------------------

Number of jobs: 50  Number of machines: 2

Initialization time: 1

Setup times: 26  18  8  5  18  8  11  20  10  21  29  15  6  16  34  20  31  15  8  19  22  16  10  30  18  15  11  12  35  11  19  33  24  11  31  13  31  6  10  34  35  14  20  25  12  32  23  9  12  20  

Processing times: 16  23  27  13  20  38  37  36  25  8  28  14  19  35  24  31  29  38  34  15  31  28  22  12  24  30  38  16  8  29  17  38  20  11  25  15  23  28  25  21  31  10  19  30  38  38  15  37  12  11  

-------------------------------------------------------------------------------

Number of jobs: 50  Number of machines: 2

Initialization time: 1

Setup times: 9  25  23  26  33  28  17  15  26  25  32  23  27  29  30  12  22  33  15  29  16  31  35  12  10  15  11  29  26  34  18  20  31  24  5  30  16  19  8  35  22  10  14  17  11  20  35  7  19  31  

Processing times: 24  30  19  15  24  36  31  35  16  21  36  21  31  25  33  28  22  33  19  33  8  27  30  36  27  35  21  18  32  29  22  21  8  25  18  19  31  37  24  21  21  25  18  11  10  16  14  26  19  31  

-------------------------------------------------------------------------------

Number of jobs: 50  Number of machines: 2

Initialization time: 1

Setup times: 13  9  10  22  13  9  30  20  22  26  24  26  28  34  30  14  7  29  11  28  12  9  10  13  5  33  27  20  9  11  12  31  15  17  17  9  5  21  26  6  16  5  21  26  26  26  14  30  35  33  

Processing times: 29  33  20  10  32  34  26  11  37  37  21  23  24  12  14  16  24  24  34  11  37  18  18  24  26  18  36  15  28  8  34  29  26  9  8  13  23  37  9  30  13  15  35  36  31  14  21  19  21  34  

-------------------------------------------------------------------------------

Number of jobs: 50  Number of machines: 2

Initialization time: 1

Setup times: 25  8  14  17  28  28  28  11  10  26  17  15  19  19  17  15  23  7  28  21  12  29  14  28  9  8  24  24  22  30  25  17  19  33  25  16  31  15  15  22  30  8  9  34  12  13  21  8  7  32  

Processing times: 38  38  33  12  27  25  19  31  14  35  18  22  33  22  16  37  35  23  14  32  19  15  9  8  23  33  24  32  22  13  36  11  18  32  37  13  31  22  21  25  14  37  17  12  33  20  31  36  38  20  

-------------------------------------------------------------------------------

Number of jobs: 50  Number of machines: 2

Initialization time: 1

Setup times: 6  18  10  35  11  32  34  17  26  23  11  15  25  21  18  23  10  26  6  34  25  29  31  9  16  10  18  20  12  30  9  11  14  23  13  15  29  28  14  12  10  11  14  30  17  15  22  16  8  8  

Processing times: 17  25  9  28  26  9  15  30  25  31  13  28  10  14  26  32  19  14  8  11  20  35  18  25  36  20  32  18  15  18  25  16  25  19  27  9  27  15  18  38  27  14  34  38  38  31  12  18  37  38  

-------------------------------------------------------------------------------

Number of jobs: 50  Number of machines: 2

Initialization time: 1

Setup times: 26  19  30  20  34  27  16  15  34  29  29  8  5  17  33  30  10  29  20  12  27  18  32  29  24  11  32  12  8  32  27  11  27  30  9  5  28  33  15  10  5  30  14  18  7  25  34  19  23  26  

Processing times: 8  11  26  38  37  34  30  29  17  15  22  16  26  38  23  33  13  38  16  19  29  13  17  29  22  21  20  28  14  33  16  25  14  11  16  34  27  10  28  12  36  37  21  37  26  10  10  33  18  17  

-------------------------------------------------------------------------------

Number of jobs: 50  Number of machines: 2

Initialization time: 1

Setup times: 21  12  19  33  28  35  14  10  20  18  31  23  35  26  6  5  21  10  34  26  24  13  21  22  7  21  20  33  27  17  9  10  12  32  10  14  21  14  15  29  26  12  12  29  27  8  7  21  24  34  

Processing times: 38  23  30  8  15  11  31  20  36  30  28  34  31  18  34  28  14  27  30  12  15  28  8  37  34  26  18  25  31  24  31  21  20  16  31  19  35  9  33  10  27  27  9  9  23  33  19  22  11  13  

-------------------------------------------------------------------------------

Number of jobs: 50  Number of machines: 2

Initialization time: 1

Setup times: 22  30  32  23  21  19  6  7  16  18  14  20  27  29  15  34  35  34  28  31  23  18  8  13  32  32  29  29  14  6  35  33  21  29  16  12  25  28  30  35  19  19  32  10  9  22  21  9  19  34  

Processing times: 18  38  29  37  12  36  13  10  21  14  11  21  24  19  28  37  27  20  19  38  35  37  20  28  29  14  8  35  14  29  15  8  14  21  17  19  37  10  16  12  26  28  17  30  25  9  35  34  9  32  

-------------------------------------------------------------------------------

Number of jobs: 50  Number of machines: 2

Initialization time: 1

Setup times: 27  27  24  13  23  8  12  17  9  8  24  21  17  11  8  10  15  32  6  32  30  13  21  23  8  18  16  16  31  10  26  31  25  16  25  14  17  25  24  23  18  8  21  22  31  21  16  28  17  18  

Processing times: 20  27  29  15  10  19  38  18  38  24  37  9  17  25  20  14  8  31  28  26  15  22  23  10  11  21  25  23  35  38  18  20  8  16  13  14  23  12  34  29  13  24  36  30  37  28  30  14  11  12  

-------------------------------------------------------------------------------

Number of jobs: 50  Number of machines: 2

Initialization time: 1

Setup times: 5  28  8  20  21  30  16  13  25  25  13  35  30  27  12  14  5  27  24  19  14  33  11  27  14  23  15  5  30  24  33  35  6  11  16  23  27  13  23  8  35  30  6  9  15  18  6  15  10  23  

Processing times: 16  21  16  23  19  26  36  8  16  34  16  8  16  24  18  36  18  18  18  36  33  15  36  30  11  25  34  32  38  15  24  18  30  22  15  27  25  25  35  18  10  32  21  28  30  14  34  26  36  13  

-------------------------------------------------------------------------------

Number of jobs: 50  Number of machines: 2

Initialization time: 1

Setup times: 19  13  22  7  7  22  17  19  10  22  27  10  16  10  18  26  14  28  11  5  16  11  31  5  16  8  10  24  8  34  11  35  29  15  5  15  9  5  20  19  23  7  32  15  26  23  20  19  33  14  

Processing times: 20  20  13  27  30  22  29  14  31  31  22  30  13  29  15  30  30  12  20  26  27  27  35  23  16  25  34  31  19  9  20  27  12  13  19  28  30  38  35  13  17  30  25  19  36  9  15  20  16  36  

-------------------------------------------------------------------------------

Number of jobs: 50  Number of machines: 2

Initialization time: 1

Setup times: 16  15  19  13  9  10  35  16  16  16  15  25  20  26  28  28  21  14  19  15  22  20  13  32  26  24  14  19  35  30  17  24  10  12  15  33  30  5  6  27  28  15  25  30  21  20  15  21  28  34  

Processing times: 27  36  38  37  32  17  26  19  18  24  17  20  30  34  23  20  12  35  23  8  31  12  30  24  24  13  17  22  12  16  28  23  12  25  12  37  11  37  30  9  10  28  38  10  21  19  22  29  22  15  

-------------------------------------------------------------------------------

Number of jobs: 50  Number of machines: 2

Initialization time: 1

Setup times: 13  9  13  20  6  18  14  11  6  15  26  14  6  12  23  17  6  31  26  26  19  11  13  31  10  31  27  19  22  24  20  11  33  33  20  15  32  30  25  27  34  12  32  6  12  15  29  14  16  12  

Processing times: 34  11  31  19  16  20  29  14  12  9  32  37  20  25  16  34  15  37  18  30  8  31  17  13  32  8  17  15  36  9  29  35  18  22  21  30  13  23  36  36  8  36  29  30  25  12  38  24  33  33  

-------------------------------------------------------------------------------

Number of jobs: 50  Number of machines: 2

Initialization time: 1

Setup times: 21  27  29  27  15  27  34  15  34  19  29  24  18  30  30  12  13  28  7  22  18  10  22  28  19  25  10  30  32  34  15  21  26  5  7  34  28  6  29  7  22  12  34  31  28  13  34  14  30  22  

Processing times: 20  32  26  33  37  22  12  33  22  36  12  24  24  21  38  13  27  29  37  21  23  38  32  12  31  20  14  32  16  31  17  20  26  12  22  17  16  35  20  17  26  36  20  32  31  36  19  21  24  10  

-------------------------------------------------------------------------------

Number of jobs: 50  Number of machines: 2

Initialization time: 1

Setup times: 23  18  30  13  12  32  10  17  20  10  12  28  34  21  30  9  26  13  9  35  14  32  20  29  20  11  5  27  15  30  21  26  32  11  35  12  16  23  8  19  5  26  17  33  12  33  30  11  24  6  

Processing times: 24  36  13  8  16  34  16  33  16  9  35  23  21  17  30  36  24  10  32  31  38  23  32  21  24  37  16  36  24  14  27  20  33  10  18  9  35  15  34  18  30  20  9  8  27  36  18  32  22  34  

-------------------------------------------------------------------------------

Number of jobs: 50  Number of machines: 2

Initialization time: 1

Setup times: 22  11  22  23  31  21  21  31  24  10  34  21  17  21  11  29  31  7  12  6  29  32  5  10  31  11  12  6  22  23  29  31  22  9  30  20  31  6  25  28  31  6  8  13  20  25  21  35  15  30  

Processing times: 34  18  18  9  21  37  16  24  22  27  19  25  37  29  34  31  32  18  8  28  15  27  15  35  9  19  8  13  23  36  9  25  35  38  26  27  9  16  17  29  28  32  13  24  26  16  16  15  35  36  

-------------------------------------------------------------------------------

Number of jobs: 50  Number of machines: 2

Initialization time: 1

Setup times: 31  8  12  16  13  7  22  28  27  23  13  23  11  33  11  21  6  14  6  17  19  5  23  19  35  10  19  32  34  23  14  13  13  8  27  23  17  33  27  18  29  27  9  29  16  21  14  28  8  12  

Processing times: 13  15  14  23  15  37  18  11  21  29  38  18  29  24  16  37  11  35  13  36  11  38  8  36  24  13  18  34  23  9  31  37  35  10  36  11  20  37  13  19  29  25  13  35  15  35  19  35  29  26  

-------------------------------------------------------------------------------

Number of jobs: 50  Number of machines: 2

Initialization time: 1

Setup times: 17  7  8  15  11  30  31  9  16  24  10  24  31  16  26  7  30  26  11  33  5  22  24  34  12  26  16  11  5  24  7  28  10  27  17  19  8  31  32  6  30  9  5  33  17  10  20  13  22  32  

Processing times: 17  33  38  11  13  20  37  12  20  36  10  30  16  29  9  17  20  27  35  17  12  10  26  21  30  23  37  27  15  36  18  12  10  28  35  10  15  10  29  29  32  21  38  38  11  26  19  32  23  14  

-------------------------------------------------------------------------------

Number of jobs: 50  Number of machines: 2

Initialization time: 1

Setup times: 30  11  7  21  20  14  13  6  5  6  7  29  15  33  16  31  25  33  21  28  28  25  21  11  7  15  16  9  9  9  12  26  34  20  7  28  10  28  12  8  11  19  27  27  25  7  15  33  24  21  

Processing times: 23  32  37  16  19  13  10  24  26  25  13  17  26  14  33  37  21  13  35  16  32  22  13  21  35  19  17  21  17  18  31  10  25  17  23  35  28  31  13  31  14  20  35  16  13  37  15  36  37  35  

-------------------------------------------------------------------------------

Number of jobs: 50  Number of machines: 2

Initialization time: 1

Setup times: 6  19  10  12  7  7  28  11  30  30  30  24  14  33  29  28  21  25  27  6  21  29  17  29  10  24  25  27  7  22  35  15  12  5  20  8  17  31  17  14  14  30  25  7  22  26  26  18  20  29  

Processing times: 8  28  21  28  16  11  18  30  18  19  35  21  31  21  24  10  35  32  37  36  36  38  37  32  25  10  24  17  36  24  20  28  32  36  30  21  34  36  30  8  15  9  30  25  28  30  32  29  26  33  

-------------------------------------------------------------------------------

Number of jobs: 50  Number of machines: 2

Initialization time: 1

Setup times: 12  31  25  19  21  14  7  22  33  19  10  33  22  13  5  27  26  8  34  28  23  23  27  34  32  26  31  26  8  35  17  15  18  31  29  29  29  8  24  24  16  25  35  24  28  22  32  18  22  19  

Processing times: 32  27  15  13  24  22  28  27  29  20  25  27  18  31  34  30  27  17  23  37  28  14  20  18  36  25  30  36  20  28  8  13  27  30  34  21  33  34  26  23  25  34  16  15  16  26  11  18  31  20  

-------------------------------------------------------------------------------

Number of jobs: 50  Number of machines: 2

Initialization time: 1

Setup times: 27  12  8  16  13  22  33  21  17  5  25  21  15  27  20  10  14  20  9  14  13  22  32  32  27  24  32  30  31  27  34  13  6  13  15  9  10  34  21  13  14  32  32  26  19  14  32  22  35  32  

Processing times: 35  23  22  22  18  34  21  16  38  9  38  23  27  38  8  14  28  22  14  13  14  18  35  33  8  34  35  15  31  35  35  9  27  25  14  14  32  30  17  23  10  9  36  10  8  20  8  37  36  25  

-------------------------------------------------------------------------------

Number of jobs: 50  Number of machines: 2

Initialization time: 1

Setup times: 13  22  14  14  25  34  15  29  26  24  22  12  30  32  18  24  31  27  18  10  32  34  33  22  17  7  25  31  29  23  35  18  5  7  26  15  29  34  28  28  24  16  7  28  28  9  6  14  12  5  

Processing times: 20  10  38  37  31  35  33  29  18  18  17  28  33  15  18  14  33  33  34  10  34  29  11  35  34  21  23  20  34  26  12  14  23  37  27  12  30  12  36  26  13  21  35  26  36  36  30  16  28  9  

-------------------------------------------------------------------------------

Number of jobs: 50  Number of machines: 2

Initialization time: 1

Setup times: 32  16  33  11  19  7  27  29  15  18  12  8  8  19  31  13  35  30  6  21  9  35  30  13  31  24  11  34  16  12  25  20  35  17  33  8  22  32  21  25  17  14  8  16  15  26  24  21  20  30  

Processing times: 23  12  26  16  30  11  29  20  17  29  38  17  12  25  38  34  37  21  22  15  16  19  36  35  13  27  9  25  38  34  28  10  31  10  16  8  25  22  29  35  31  9  8  30  36  20  13  26  19  8  

-------------------------------------------------------------------------------

Number of jobs: 50  Number of machines: 2

Initialization time: 1

Setup times: 28  32  21  9  18  5  24  24  22  35  32  21  23  20  20  33  33  17  28  8  17  11  21  10  28  24  34  7  33  31  25  6  13  9  9  17  25  11  18  30  32  6  31  25  26  17  15  11  34  13  

Processing times: 23  10  22  38  14  26  33  25  20  23  12  23  15  33  10  32  32  14  13  37  30  18  37  14  12  22  21  25  34  27  21  29  29  21  33  25  16  17  22  8  36  38  28  8  8  24  28  20  32  11  

-------------------------------------------------------------------------------

Number of jobs: 50  Number of machines: 2

Initialization time: 1

Setup times: 34  24  11  30  15  25  32  25  35  33  31  20  26  14  15  13  19  31  10  35  9  28  14  26  9  7  20  18  13  34  5  34  16  33  25  14  18  15  23  32  26  34  25  33  8  30  10  9  11  9  

Processing times: 27  35  23  10  11  8  15  15  38  16  13  16  28  37  20  22  38  11  17  17  30  26  9  23  26  27  27  26  32  36  23  29  28  19  33  9  26  33  34  25  27  13  38  15  12  25  28  27  22  27  

-------------------------------------------------------------------------------

Number of jobs: 50  Number of machines: 2

Initialization time: 1

Setup times: 8  5  28  23  20  9  18  14  29  6  29  7  30  27  11  26  17  20  12  31  18  25  11  33  10  25  22  20  32  10  23  35  24  21  31  7  34  17  16  22  16  16  25  23  20  29  30  17  21  14  

Processing times: 10  11  34  13  25  26  38  11  31  32  38  24  20  8  23  20  16  33  34  25  18  25  32  27  25  18  33  33  24  27  17  22  14  30  14  33  32  38  23  31  15  33  28  38  21  38  14  9  25  8  

-------------------------------------------------------------------------------

Number of jobs: 50  Number of machines: 2

Initialization time: 1

Setup times: 10  7  21  7  25  21  35  5  14  32  27  31  20  7  28  6  30  15  6  20  35  21  35  9  6  28  24  25  15  16  31  7  11  11  28  17  28  23  10  32  22  10  21  13  31  32  26  35  11  22  

Processing times: 24  38  18  29  20  18  37  35  25  19  19  34  26  37  25  21  11  14  29  25  18  29  11  30  27  15  31  38  15  32  26  37  19  23  16  16  31  35  10  34  26  10  9  25  12  37  8  9  12  23  

-------------------------------------------------------------------------------

Number of jobs: 50  Number of machines: 2

Initialization time: 1

Setup times: 24  18  16  22  30  17  29  30  32  28  18  34  19  29  16  17  23  27  22  26  8  6  21  22  16  33  31  19  14  19  28  9  22  11  9  29  25  19  34  9  16  24  29  9  10  32  32  10  15  18  

Processing times: 13  23  28  21  22  23  19  33  25  27  36  8  10  33  10  18  19  20  8  28  8  21  15  38  16  17  32  31  16  36  27  38  35  30  36  24  36  31  9  31  38  28  10  17  14  16  33  23  28  30  

-------------------------------------------------------------------------------

Number of jobs: 50  Number of machines: 2

Initialization time: 1

Setup times: 5  11  7  10  15  32  17  10  7  28  32  25  16  26  34  15  22  32  6  30  10  22  7  34  32  24  10  12  31  13  8  24  8  6  30  9  34  26  9  32  20  11  25  8  11  30  18  26  13  24  

Processing times: 28  34  34  17  17  20  32  26  15  16  8  26  29  16  26  22  37  16  20  18  16  11  25  14  21  23  15  8  27  20  18  30  38  33  33  33  24  22  22  29  34  14  10  31  26  36  36  28  25  18  

-------------------------------------------------------------------------------

Number of jobs: 50  Number of machines: 2

Initialization time: 1

Setup times: 18  20  22  14  32  13  15  12  34  31  7  27  12  20  20  33  25  35  32  9  27  31  15  34  27  15  21  21  24  20  16  16  6  12  5  23  27  30  13  11  32  5  21  11  24  25  34  25  19  17  

Processing times: 15  38  21  15  17  11  19  13  9  37  25  24  15  22  21  37  18  36  25  37  12  21  37  24  26  25  12  19  32  35  33  12  28  13  24  38  34  24  19  11  11  20  31  13  14  37  15  8  11  25  

-------------------------------------------------------------------------------

Number of jobs: 50  Number of machines: 2

Initialization time: 1

Setup times: 21  24  12  27  25  11  28  17  10  22  32  23  9  14  23  8  7  25  9  22  31  34  34  9  30  8  18  26  18  8  19  20  15  23  6  29  29  9  21  22  19  22  5  34  31  16  31  7  11  21  

Processing times: 16  13  8  38  16  10  26  23  11  15  16  9  32  29  10  27  19  33  16  10  37  23  25  13  21  25  23  31  28  26  15  23  15  17  25  10  26  36  23  26  14  33  16  10  10  18  20  26  23  17  

-------------------------------------------------------------------------------

Number of jobs: 50  Number of machines: 2

Initialization time: 1

Setup times: 13  9  23  8  15  34  17  17  30  10  28  13  35  22  15  14  31  31  19  14  10  27  18  34  7  11  25  19  31  32  24  31  30  14  23  9  7  9  8  19  6  8  29  30  12  32  23  28  24  35  

Processing times: 12  38  20  33  22  34  13  9  12  29  8  23  38  22  17  15  8  21  31  30  27  31  35  24  10  12  23  17  32  17  25  31  14  19  34  36  26  34  28  9  24  36  37  26  25  11  11  33  38  21  

-------------------------------------------------------------------------------

Number of jobs: 50  Number of machines: 2

Initialization time: 1

Setup times: 23  26  7  22  9  12  16  23  5  15  19  9  14  26  26  5  12  34  17  20  21  6  23  22  22  5  33  7  8  27  24  23  11  33  27  22  9  21  8  31  6  14  29  12  29  17  26  34  30  8  

Processing times: 38  18  26  25  15  23  20  24  19  34  30  22  31  37  13  10  17  26  20  24  26  9  11  38  8  35  26  16  21  20  38  32  15  37  28  25  25  38  22  29  19  30  15  33  24  20  22  24  21  23  

-------------------------------------------------------------------------------

Number of jobs: 50  Number of machines: 2

Initialization time: 1

Setup times: 31  8  18  26  6  32  27  19  33  21  10  11  23  9  6  5  29  24  34  9  23  18  13  7  21  17  12  29  29  19  23  34  16  29  9  29  16  12  18  20  35  8  5  7  25  14  27  19  18  30  

Processing times: 13  14  24  29  35  12  25  12  36  16  22  9  33  26  35  32  15  34  11  31  13  11  13  34  11  32  38  28  9  29  27  12  30  32  22  21  9  37  14  13  35  36  30  12  34  17  26  20  28  36  

-------------------------------------------------------------------------------

Number of jobs: 50  Number of machines: 2

Initialization time: 1

Setup times: 18  13  18  29  22  33  22  26  34  24  8  10  23  9  19  20  14  30  34  17  15  24  12  14  19  34  24  30  9  25  17  32  19  19  25  28  16  25  11  25  9  27  7  15  12  32  19  31  23  6  

Processing times: 29  26  20  36  37  33  8  28  10  29  17  18  14  26  15  11  38  23  14  26  31  12  16  28  12  38  15  25  10  24  37  25  15  19  35  29  23  14  38  24  15  36  22  14  27  9  34  26  19  14  

-------------------------------------------------------------------------------

Number of jobs: 50  Number of machines: 2

Initialization time: 1

Setup times: 24  12  33  12  22  15  8  7  24  9  9  20  29  15  7  14  6  16  25  23  16  21  5  35  20  25  6  8  15  17  21  29  18  23  17  31  25  30  30  5  26  33  5  7  25  6  30  22  11  20  

Processing times: 38  13  37  9  25  29  31  35  11  21  9  13  11  35  37  20  22  12  16  11  13  26  22  24  9  22  38  22  36  24  12  26  34  36  11  27  26  23  38  27  30  22  9  25  22  26  21  34  16  33  

-------------------------------------------------------------------------------

Number of jobs: 50  Number of machines: 2

Initialization time: 1

Setup times: 35  29  35  14  6  31  16  34  16  23  29  21  32  14  26  18  6  17  15  30  13  16  32  19  8  29  6  21  20  8  25  33  20  35  19  26  20  6  24  24  35  23  23  32  11  17  28  6  32  11  

Processing times: 33  30  10  37  15  17  33  14  12  14  36  19  31  17  31  25  37  28  15  37  26  34  16  11  31  14  37  26  35  36  36  25  24  27  15  21  13  25  35  16  28  34  19  21  32  33  20  20  15  35  

-------------------------------------------------------------------------------

Number of jobs: 50  Number of machines: 2

Initialization time: 1

Setup times: 35  22  30  15  30  28  11  33  6  9  34  25  24  26  7  8  32  33  29  13  20  30  28  7  23  26  26  27  35  32  14  12  34  9  8  16  15  14  33  6  32  29  21  7  10  17  30  29  21  14  

Processing times: 15  16  26  8  28  17  33  11  27  15  37  38  28  22  33  23  33  8  14  32  27  14  11  23  23  10  21  33  8  36  31  37  37  34  23  33  18  15  37  30  33  32  28  17  13  38  38  12  38  18  


