Number of jobs: 25  Number of machines: 2

Initialization time: 1

Setup times: 32  29  27  22  19  23  26  31  33  35  11  19  29  15  32  24  21  7  14  32  33  14  21  11  34  

Processing times: 98  63  76  70  94  85  93  71  89  69  65  70  82  71  81  85  77  99  64  67  66  67  69  70  64  

-------------------------------------------------------------------------------

Number of jobs: 25  Number of machines: 2

Initialization time: 1

Setup times: 20  23  26  19  12  9  8  22  5  21  14  25  6  25  8  35  32  30  25  13  12  20  24  35  30  

Processing times: 73  61  78  78  64  69  94  94  71  62  60  82  69  80  60  79  73  70  74  73  68  79  86  63  80  

-------------------------------------------------------------------------------

Number of jobs: 25  Number of machines: 2

Initialization time: 1

Setup times: 22  35  35  6  12  8  28  27  6  20  15  27  20  34  13  15  31  25  8  35  15  11  13  19  12  

Processing times: 93  89  89  94  60  62  98  61  72  90  83  75  96  92  66  80  78  76  75  95  99  81  60  68  86  

-------------------------------------------------------------------------------

Number of jobs: 25  Number of machines: 2

Initialization time: 1

Setup times: 29  13  18  19  6  7  7  18  18  33  17  12  22  22  31  25  21  31  34  30  5  12  31  29  25  

Processing times: 83  88  82  79  96  73  66  94  76  90  76  63  87  81  83  85  85  90  98  99  69  67  95  73  63  

-------------------------------------------------------------------------------

Number of jobs: 25  Number of machines: 2

Initialization time: 1

Setup times: 29  28  26  19  27  19  9  21  11  24  24  27  6  28  22  12  8  34  24  26  9  32  24  24  13  

Processing times: 62  70  91  70  77  63  77  95  68  64  68  60  68  82  74  70  77  78  67  61  79  65  99  74  83  

-------------------------------------------------------------------------------

Number of jobs: 25  Number of machines: 2

Initialization time: 1

Setup times: 15  19  12  9  12  15  33  6  16  16  12  8  15  14  26  16  27  9  35  16  33  25  32  17  34  

Processing times: 92  83  67  94  83  91  60  82  90  70  98  81  74  63  76  80  95  84  62  94  69  75  86  62  60  

-------------------------------------------------------------------------------

Number of jobs: 25  Number of machines: 2

Initialization time: 1

Setup times: 11  9  28  6  5  23  22  30  26  16  29  19  6  22  9  9  28  29  27  11  15  15  30  33  11  

Processing times: 89  85  80  67  86  69  98  99  71  89  83  95  92  73  91  88  87  75  70  88  79  97  99  93  82  

-------------------------------------------------------------------------------

Number of jobs: 25  Number of machines: 2

Initialization time: 1

Setup times: 34  20  16  6  28  20  18  11  12  27  28  26  34  24  11  6  30  14  8  29  13  15  22  20  14  

Processing times: 87  64  97  60  83  77  72  100  77  97  66  60  75  90  88  83  79  89  86  74  65  82  77  100  92  

-------------------------------------------------------------------------------

Number of jobs: 25  Number of machines: 2

Initialization time: 1

Setup times: 13  29  7  8  35  12  32  26  12  28  7  33  21  21  22  17  27  25  26  24  6  19  20  20  12  

Processing times: 63  88  86  87  72  92  79  76  83  68  62  80  86  85  93  65  73  84  84  95  93  83  90  92  83  

-------------------------------------------------------------------------------

Number of jobs: 25  Number of machines: 2

Initialization time: 1

Setup times: 27  14  6  21  21  28  28  8  32  5  30  6  5  25  16  20  12  8  20  17  30  27  12  26  30  

Processing times: 65  90  70  66  84  62  97  61  87  70  85  95  84  63  61  86  61  60  73  67  61  66  93  98  61  

-------------------------------------------------------------------------------

Number of jobs: 25  Number of machines: 2

Initialization time: 1

Setup times: 14  22  31  30  25  21  28  20  18  15  7  9  26  11  19  22  7  12  27  24  29  32  8  13  29  

Processing times: 80  70  85  64  79  87  81  99  82  82  64  91  79  90  84  87  65  86  69  66  81  100  62  96  100  

-------------------------------------------------------------------------------

Number of jobs: 25  Number of machines: 2

Initialization time: 1

Setup times: 24  21  25  8  31  24  13  17  20  17  30  7  32  16  7  17  13  26  12  35  14  14  11  15  31  

Processing times: 81  70  72  61  77  88  90  75  73  73  99  83  89  94  90  79  67  94  87  80  87  83  88  67  67  

-------------------------------------------------------------------------------

Number of jobs: 25  Number of machines: 2

Initialization time: 1

Setup times: 20  5  34  30  34  8  13  10  10  16  35  27  28  31  12  20  13  6  8  31  33  35  31  13  34  

Processing times: 68  63  83  72  76  63  81  83  82  88  82  62  80  61  62  66  78  81  92  73  60  100  63  98  68  

-------------------------------------------------------------------------------

Number of jobs: 25  Number of machines: 2

Initialization time: 1

Setup times: 28  27  34  28  27  33  23  12  14  32  6  10  26  15  8  6  17  24  7  9  24  31  6  30  27  

Processing times: 89  88  67  60  93  66  99  91  64  61  66  77  90  72  67  60  63  72  68  89  96  90  63  72  62  

-------------------------------------------------------------------------------

Number of jobs: 25  Number of machines: 2

Initialization time: 1

Setup times: 34  32  22  31  10  9  35  34  26  31  32  14  35  28  12  23  8  13  30  15  7  10  9  14  29  

Processing times: 92  81  61  97  84  64  99  72  82  88  74  72  81  80  99  88  66  87  95  63  62  90  92  98  97  

-------------------------------------------------------------------------------

Number of jobs: 25  Number of machines: 2

Initialization time: 1

Setup times: 8  25  17  14  29  18  16  14  8  18  30  24  19  7  17  28  8  8  11  30  17  19  26  26  15  

Processing times: 85  74  86  93  71  94  85  68  76  79  78  97  78  87  90  98  63  75  79  85  92  96  91  77  69  

-------------------------------------------------------------------------------

Number of jobs: 25  Number of machines: 2

Initialization time: 1

Setup times: 11  6  35  26  30  12  29  5  13  5  28  14  13  27  24  27  13  5  14  27  29  30  25  23  10  

Processing times: 76  94  66  83  97  73  91  98  75  74  80  71  71  93  81  72  61  67  81  72  63  80  91  62  69  

-------------------------------------------------------------------------------

Number of jobs: 25  Number of machines: 2

Initialization time: 1

Setup times: 18  22  22  13  10  23  29  18  21  11  9  26  32  18  14  22  13  27  14  7  18  17  24  32  19  

Processing times: 79  74  72  85  71  70  85  91  61  70  65  98  77  91  89  82  97  92  65  88  85  80  91  76  73  

-------------------------------------------------------------------------------

Number of jobs: 25  Number of machines: 2

Initialization time: 1

Setup times: 24  17  34  32  18  21  7  33  22  5  22  26  9  7  16  27  21  5  22  12  26  6  29  14  10  

Processing times: 85  87  69  65  97  95  75  97  77  97  74  61  73  77  98  94  74  81  95  79  72  73  66  87  75  

-------------------------------------------------------------------------------

Number of jobs: 25  Number of machines: 2

Initialization time: 1

Setup times: 27  26  11  26  27  7  12  32  21  18  14  15  23  33  25  31  18  32  25  21  33  35  14  9  10  

Processing times: 100  96  62  91  64  83  60  97  60  95  94  91  61  80  97  69  86  69  82  86  75  67  80  93  70  

-------------------------------------------------------------------------------

Number of jobs: 25  Number of machines: 2

Initialization time: 1

Setup times: 20  13  13  24  32  15  11  22  27  33  7  19  31  35  24  28  11  25  12  10  27  7  30  26  10  

Processing times: 60  90  89  84  79  92  79  75  98  94  97  79  84  82  89  73  79  92  75  91  85  71  100  81  81  

-------------------------------------------------------------------------------

Number of jobs: 25  Number of machines: 2

Initialization time: 1

Setup times: 16  25  5  21  10  30  32  6  22  17  33  27  33  7  8  35  31  28  14  17  6  16  11  30  22  

Processing times: 90  76  72  71  84  61  71  69  85  64  84  99  80  80  87  68  90  92  93  74  68  76  69  79  81  

-------------------------------------------------------------------------------

Number of jobs: 25  Number of machines: 2

Initialization time: 1

Setup times: 31  28  32  19  33  10  33  26  22  7  7  13  31  17  24  22  33  21  32  22  16  18  5  15  15  

Processing times: 60  80  62  68  63  77  76  85  69  77  82  92  86  89  91  84  68  60  84  92  80  77  66  93  81  

-------------------------------------------------------------------------------

Number of jobs: 25  Number of machines: 2

Initialization time: 1

Setup times: 22  34  9  19  34  18  24  29  17  10  27  20  33  6  17  26  18  5  11  10  19  17  33  14  15  

Processing times: 82  81  64  84  77  61  66  87  97  86  70  78  62  65  77  99  63  100  76  87  70  94  97  83  65  

-------------------------------------------------------------------------------

Number of jobs: 25  Number of machines: 2

Initialization time: 1

Setup times: 27  22  29  9  28  11  30  8  15  29  27  5  23  13  18  11  5  30  28  25  34  24  33  34  9  

Processing times: 65  66  97  75  89  68  75  63  69  97  63  85  71  77  68  81  94  91  80  96  100  90  82  76  95  

-------------------------------------------------------------------------------

Number of jobs: 25  Number of machines: 2

Initialization time: 1

Setup times: 8  31  5  25  22  6  5  32  19  31  23  6  13  8  27  25  6  5  25  8  22  28  17  21  28  

Processing times: 98  63  89  75  64  85  99  87  81  85  99  72  74  62  65  64  90  89  94  78  83  90  62  91  65  

-------------------------------------------------------------------------------

Number of jobs: 25  Number of machines: 2

Initialization time: 1

Setup times: 30  32  15  12  25  15  29  24  23  33  5  16  12  31  8  19  33  23  34  34  10  14  32  16  16  

Processing times: 69  85  66  61  64  94  84  60  63  81  85  79  86  76  78  100  70  95  95  66  63  70  95  94  88  

-------------------------------------------------------------------------------

Number of jobs: 25  Number of machines: 2

Initialization time: 1

Setup times: 18  11  22  12  25  22  20  8  9  34  13  32  19  6  27  25  15  19  35  5  8  20  15  17  34  

Processing times: 71  84  64  93  68  91  90  63  90  93  69  60  87  81  79  81  74  62  61  63  62  64  73  89  63  

-------------------------------------------------------------------------------

Number of jobs: 25  Number of machines: 2

Initialization time: 1

Setup times: 33  12  34  14  30  31  24  17  16  10  8  10  29  14  27  10  35  29  34  19  33  26  32  20  5  

Processing times: 76  65  83  82  100  73  95  75  96  88  78  78  70  93  62  79  77  61  74  75  88  88  66  91  95  

-------------------------------------------------------------------------------

Number of jobs: 25  Number of machines: 2

Initialization time: 1

Setup times: 6  8  16  15  19  28  22  6  7  19  15  6  7  14  17  26  25  9  27  5  35  12  20  33  25  

Processing times: 76  67  69  96  86  74  93  62  64  90  87  91  99  92  81  66  90  100  78  78  70  87  99  67  84  

-------------------------------------------------------------------------------

Number of jobs: 25  Number of machines: 2

Initialization time: 1

Setup times: 24  25  5  6  31  13  11  35  17  23  6  35  33  9  24  26  35  17  8  8  33  10  13  6  32  

Processing times: 74  83  89  71  69  65  72  87  67  100  90  68  60  77  86  83  61  86  93  61  78  61  70  76  85  

-------------------------------------------------------------------------------

Number of jobs: 25  Number of machines: 2

Initialization time: 1

Setup times: 5  6  25  20  31  9  12  28  6  32  26  30  14  18  35  19  35  23  5  7  10  31  18  13  17  

Processing times: 61  84  60  99  100  84  85  93  65  95  61  100  88  63  91  64  63  98  69  87  75  88  92  70  97  

-------------------------------------------------------------------------------

Number of jobs: 25  Number of machines: 2

Initialization time: 1

Setup times: 7  7  16  24  20  13  16  23  16  29  14  8  12  13  20  8  33  35  18  24  26  30  25  17  32  

Processing times: 73  70  69  95  81  88  77  98  74  95  73  87  84  91  61  99  84  91  96  100  94  73  95  76  85  

-------------------------------------------------------------------------------

Number of jobs: 25  Number of machines: 2

Initialization time: 1

Setup times: 22  24  13  21  23  14  26  18  25  31  24  12  11  25  13  30  22  6  18  15  35  7  12  14  19  

Processing times: 87  84  98  99  70  92  82  70  92  88  80  79  82  95  77  64  94  64  61  64  64  70  90  96  87  

-------------------------------------------------------------------------------

Number of jobs: 25  Number of machines: 2

Initialization time: 1

Setup times: 12  9  34  20  30  5  21  32  28  28  7  14  7  7  32  33  33  24  10  32  27  14  33  35  15  

Processing times: 75  79  89  83  69  90  88  86  95  76  95  69  77  97  97  73  74  69  100  72  82  83  86  86  79  

-------------------------------------------------------------------------------

Number of jobs: 25  Number of machines: 2

Initialization time: 1

Setup times: 5  15  35  16  18  30  15  12  23  9  11  13  14  14  24  5  31  34  20  9  8  27  26  29  5  

Processing times: 66  95  65  93  84  99  92  94  68  62  98  72  74  72  80  86  98  76  69  90  79  63  77  83  64  

-------------------------------------------------------------------------------

Number of jobs: 25  Number of machines: 2

Initialization time: 1

Setup times: 6  7  16  35  34  24  17  12  12  7  33  33  17  21  34  17  24  18  27  24  7  14  30  18  10  

Processing times: 84  92  76  72  85  100  88  67  64  69  70  83  81  94  87  70  82  98  99  78  100  83  91  73  93  

-------------------------------------------------------------------------------

Number of jobs: 25  Number of machines: 2

Initialization time: 1

Setup times: 14  20  22  8  23  31  28  21  26  9  28  8  33  33  32  13  10  34  11  35  28  28  24  14  11  

Processing times: 73  69  78  70  97  78  91  92  85  90  89  71  87  80  73  60  98  80  98  100  97  94  81  94  66  

-------------------------------------------------------------------------------

Number of jobs: 25  Number of machines: 2

Initialization time: 1

Setup times: 27  12  6  26  23  6  13  32  19  30  21  6  8  22  12  22  30  15  8  27  14  28  15  34  13  

Processing times: 66  65  93  71  70  87  62  69  66  86  84  80  88  97  78  92  84  87  100  66  92  88  96  80  66  

-------------------------------------------------------------------------------

Number of jobs: 25  Number of machines: 2

Initialization time: 1

Setup times: 5  29  35  20  11  6  23  35  8  23  26  20  29  16  9  17  34  5  28  9  31  10  18  27  22  

Processing times: 82  78  72  80  79  100  75  96  86  95  75  76  67  96  94  77  64  78  82  92  70  80  71  68  73  

-------------------------------------------------------------------------------

Number of jobs: 25  Number of machines: 2

Initialization time: 1

Setup times: 26  11  23  24  19  29  30  14  21  21  21  13  32  11  10  13  16  15  26  34  19  16  12  32  22  

Processing times: 92  62  69  98  61  90  65  82  65  87  97  64  90  89  86  97  99  84  87  64  82  85  89  82  80  

-------------------------------------------------------------------------------

Number of jobs: 25  Number of machines: 2

Initialization time: 1

Setup times: 5  19  25  33  30  8  25  17  6  34  17  19  32  17  22  33  26  34  15  5  10  23  24  19  23  

Processing times: 71  66  100  91  77  63  89  82  100  63  75  88  92  80  83  63  81  79  99  100  65  98  61  96  95  

-------------------------------------------------------------------------------

Number of jobs: 25  Number of machines: 2

Initialization time: 1

Setup times: 22  8  11  19  21  8  20  32  35  19  16  20  18  8  28  27  16  9  34  20  24  26  16  13  35  

Processing times: 100  79  76  74  75  88  65  68  63  63  64  87  80  63  81  80  75  89  91  73  90  80  80  67  74  

-------------------------------------------------------------------------------

Number of jobs: 25  Number of machines: 2

Initialization time: 1

Setup times: 16  21  25  26  19  7  25  20  7  12  31  17  34  6  29  10  33  24  10  21  14  16  9  10  19  

Processing times: 77  99  96  86  78  83  95  91  61  64  62  62  98  90  100  95  97  92  69  62  66  77  100  94  62  

-------------------------------------------------------------------------------

Number of jobs: 25  Number of machines: 2

Initialization time: 1

Setup times: 27  32  30  34  18  6  6  26  10  27  34  12  35  13  12  19  21  23  19  25  30  25  6  21  35  

Processing times: 67  91  92  63  62  70  60  85  65  91  76  90  98  61  89  74  64  95  86  89  98  63  65  64  63  

-------------------------------------------------------------------------------

Number of jobs: 25  Number of machines: 2

Initialization time: 1

Setup times: 8  31  29  15  13  27  24  6  33  5  29  26  19  31  6  15  18  30  8  21  5  30  26  24  13  

Processing times: 67  62  94  83  83  75  60  84  85  93  89  88  60  68  94  77  79  94  88  70  97  87  66  64  87  

-------------------------------------------------------------------------------

Number of jobs: 25  Number of machines: 2

Initialization time: 1

Setup times: 12  12  30  9  15  27  9  26  13  30  34  30  22  30  5  12  33  16  27  33  34  34  18  8  24  

Processing times: 99  75  90  69  99  71  70  93  63  92  72  82  80  64  91  80  92  75  82  91  73  80  79  79  60  

-------------------------------------------------------------------------------

Number of jobs: 25  Number of machines: 2

Initialization time: 1

Setup times: 17  25  29  18  27  13  34  5  9  33  17  23  21  33  34  11  31  9  22  30  9  8  26  12  10  

Processing times: 98  93  84  74  69  79  68  93  64  69  86  64  76  87  90  87  72  91  99  93  62  91  95  74  99  

-------------------------------------------------------------------------------

Number of jobs: 25  Number of machines: 2

Initialization time: 1

Setup times: 10  15  12  27  10  26  5  10  17  22  9  21  20  19  20  27  29  9  15  26  26  20  26  6  21  

Processing times: 60  72  72  64  95  79  92  92  88  83  83  95  61  83  90  63  97  67  70  71  75  78  94  75  82  

-------------------------------------------------------------------------------

Number of jobs: 25  Number of machines: 2

Initialization time: 1

Setup times: 25  5  20  27  8  19  35  32  6  27  17  34  15  6  33  14  23  30  27  12  32  18  24  22  27  

Processing times: 79  65  87  97  96  84  73  87  71  82  79  68  63  63  89  60  98  61  85  71  91  96  66  94  62  


