Number of jobs: 50  Number of machines: 2

Initialization time: 1

Setup times: 21  9  33  35  6  7  30  30  12  20  9  31  5  21  11  31  7  14  15  9  26  31  24  35  14  35  21  5  28  27  30  30  5  27  16  19  5  8  9  16  33  15  32  33  14  11  25  25  34  6  

Processing times: 152  149  180  186  195  146  162  147  132  126  140  175  173  188  130  193  175  179  191  137  168  140  179  184  174  180  123  159  167  174  160  137  143  151  149  128  159  188  148  160  154  137  195  137  178  151  167  132  174  167  

-------------------------------------------------------------------------------

Number of jobs: 50  Number of machines: 2

Initialization time: 1

Setup times: 27  13  10  12  28  13  32  34  14  8  23  27  27  26  35  26  31  6  25  5  13  23  13  34  23  30  8  14  12  20  7  34  22  32  6  8  27  5  15  23  34  34  21  30  17  20  13  29  13  18  

Processing times: 200  159  182  175  121  166  154  126  155  125  175  184  122  164  179  186  132  156  126  120  126  198  142  130  165  176  145  120  132  178  149  171  170  197  130  153  143  133  175  138  159  122  145  130  163  121  180  134  158  148  

-------------------------------------------------------------------------------

Number of jobs: 50  Number of machines: 2

Initialization time: 1

Setup times: 6  34  6  33  22  25  14  32  5  20  32  24  26  33  30  9  21  11  18  25  25  13  26  24  32  29  17  33  8  19  20  27  33  17  34  34  19  6  23  30  5  34  35  10  28  34  22  15  30  11  

Processing times: 193  121  172  130  184  190  175  198  143  149  126  200  171  151  175  181  140  161  177  192  129  174  177  192  141  153  156  192  156  153  168  170  134  128  187  191  152  197  175  139  126  170  160  198  127  176  171  125  199  181  

-------------------------------------------------------------------------------

Number of jobs: 50  Number of machines: 2

Initialization time: 1

Setup times: 18  31  24  24  22  6  20  10  7  15  29  27  29  31  20  26  18  34  11  28  6  16  6  13  32  34  31  21  28  33  16  18  21  26  14  11  34  31  32  22  12  28  32  10  6  17  13  30  16  16  

Processing times: 196  135  161  148  150  175  168  155  136  129  163  173  170  175  173  149  123  183  155  187  193  180  156  154  179  123  140  177  134  150  173  149  123  166  148  155  195  184  153  174  166  161  153  145  146  185  178  189  193  168  

-------------------------------------------------------------------------------

Number of jobs: 50  Number of machines: 2

Initialization time: 1

Setup times: 18  5  25  10  26  33  6  14  7  32  31  13  12  15  34  24  16  9  26  5  22  27  26  17  19  5  18  33  24  27  14  33  27  29  19  19  19  7  15  28  21  11  27  31  16  10  13  6  18  8  

Processing times: 197  200  124  200  158  125  190  129  198  177  145  122  154  152  169  182  135  134  155  192  188  181  174  188  171  143  199  164  129  188  148  158  157  127  189  127  153  158  186  151  171  138  174  140  146  129  155  137  148  139  

-------------------------------------------------------------------------------

Number of jobs: 50  Number of machines: 2

Initialization time: 1

Setup times: 14  34  15  29  28  28  33  20  34  24  31  33  32  35  27  34  17  30  11  20  11  23  8  9  33  28  24  11  13  6  26  34  23  21  20  8  17  22  20  35  12  23  34  19  9  30  21  29  10  18  

Processing times: 141  156  128  191  198  147  126  141  141  145  153  177  127  171  165  156  135  168  150  130  186  150  181  157  193  121  161  200  154  194  186  182  126  200  148  199  174  169  140  128  157  167  171  199  136  158  130  142  173  152  

-------------------------------------------------------------------------------

Number of jobs: 50  Number of machines: 2

Initialization time: 1

Setup times: 28  6  28  28  35  25  26  27  22  17  30  31  6  32  22  14  19  19  9  18  13  9  30  34  25  19  11  8  17  35  19  35  35  25  24  15  27  20  29  20  30  19  32  18  22  25  24  5  14  16  

Processing times: 177  156  124  168  132  198  160  177  157  151  173  189  138  157  179  173  155  167  146  158  120  154  126  198  173  137  126  187  124  150  183  195  189  164  167  178  137  199  186  154  179  126  142  122  180  186  170  121  169  160  

-------------------------------------------------------------------------------

Number of jobs: 50  Number of machines: 2

Initialization time: 1

Setup times: 17  28  20  34  15  35  29  25  32  17  14  23  11  6  34  7  27  19  11  9  23  13  27  17  8  31  20  21  32  18  10  28  22  20  14  31  23  32  34  8  8  24  30  11  30  11  23  23  35  8  

Processing times: 168  152  146  167  127  130  134  182  190  177  121  161  151  175  178  148  192  193  191  166  128  161  197  154  155  122  191  163  173  150  194  153  163  176  198  175  176  197  121  152  169  122  181  142  200  174  191  188  174  184  

-------------------------------------------------------------------------------

Number of jobs: 50  Number of machines: 2

Initialization time: 1

Setup times: 21  15  23  11  17  17  15  19  25  23  32  17  6  15  27  30  21  18  24  7  6  18  12  20  6  34  27  34  19  34  25  23  24  23  25  20  5  29  27  15  26  12  15  18  5  17  14  22  28  17  

Processing times: 131  171  140  199  187  147  137  197  147  168  155  138  138  126  150  195  181  148  152  131  188  188  173  134  170  191  165  198  122  169  127  176  150  151  125  132  190  186  186  150  141  147  147  162  158  150  137  170  166  157  

-------------------------------------------------------------------------------

Number of jobs: 50  Number of machines: 2

Initialization time: 1

Setup times: 9  25  22  14  5  14  20  21  6  22  23  26  10  14  28  21  32  34  32  9  27  35  8  25  19  33  31  9  33  30  28  15  12  13  7  18  22  31  11  34  22  24  34  27  24  34  7  24  29  21  

Processing times: 185  124  167  180  121  139  123  184  186  127  158  198  157  162  161  131  152  171  164  176  122  150  128  129  141  186  198  186  180  194  151  169  157  134  122  181  133  152  133  170  158  146  191  135  184  120  144  143  175  180  

-------------------------------------------------------------------------------

Number of jobs: 50  Number of machines: 2

Initialization time: 1

Setup times: 16  27  5  27  20  6  32  21  12  20  23  22  8  23  14  5  21  22  25  8  5  20  8  27  34  8  16  31  28  34  22  14  32  22  17  9  28  24  17  35  34  30  14  14  15  29  18  32  21  20  

Processing times: 125  134  179  124  123  162  151  167  156  182  181  197  159  193  199  189  153  135  126  147  148  172  120  129  170  172  171  165  140  179  133  125  184  157  192  171  145  120  173  190  139  150  180  120  130  130  165  166  194  168  

-------------------------------------------------------------------------------

Number of jobs: 50  Number of machines: 2

Initialization time: 1

Setup times: 27  34  35  33  25  17  32  11  31  22  26  35  27  23  29  35  21  24  18  12  30  24  5  7  9  26  35  20  30  35  33  18  13  28  26  10  26  11  17  6  5  18  5  31  25  22  35  17  31  22  

Processing times: 160  124  167  181  150  129  120  175  143  121  190  160  189  181  120  192  123  154  189  173  153  178  147  197  194  183  148  188  126  146  173  193  169  187  186  197  129  135  193  191  198  136  189  176  144  139  125  145  195  150  

-------------------------------------------------------------------------------

Number of jobs: 50  Number of machines: 2

Initialization time: 1

Setup times: 29  8  22  14  22  25  16  25  20  16  35  25  7  35  13  5  16  17  12  14  20  15  7  35  15  10  5  31  26  33  33  32  22  22  25  7  11  31  20  29  22  10  25  7  16  20  18  27  25  11  

Processing times: 177  157  143  193  128  157  143  162  127  197  187  151  182  171  168  121  146  139  139  172  130  183  172  128  175  126  163  178  144  128  176  197  159  138  153  124  200  147  170  123  166  123  146  143  151  180  126  186  141  150  

-------------------------------------------------------------------------------

Number of jobs: 50  Number of machines: 2

Initialization time: 1

Setup times: 14  28  7  27  19  26  27  12  27  34  12  28  7  25  29  20  32  5  24  17  25  12  17  34  27  15  31  33  15  20  7  27  12  35  22  19  29  31  33  7  28  34  15  28  33  34  28  32  18  9  

Processing times: 158  158  175  177  146  147  152  191  129  130  164  139  147  140  183  154  128  182  138  152  144  166  187  158  149  191  193  127  136  194  169  184  140  155  145  142  129  191  185  180  169  127  166  131  145  159  169  192  155  121  

-------------------------------------------------------------------------------

Number of jobs: 50  Number of machines: 2

Initialization time: 1

Setup times: 18  33  26  5  22  25  31  19  9  6  34  20  31  10  27  19  34  26  20  14  17  35  35  23  32  15  11  8  12  31  7  9  14  27  31  34  23  30  30  14  18  30  15  32  11  11  34  22  21  27  

Processing times: 189  158  155  167  137  150  138  147  128  185  127  161  188  145  188  177  182  133  169  181  164  191  150  164  193  132  156  192  184  167  171  124  191  154  164  166  131  126  192  145  178  127  169  199  189  137  143  125  179  192  

-------------------------------------------------------------------------------

Number of jobs: 50  Number of machines: 2

Initialization time: 1

Setup times: 17  24  14  7  24  35  18  31  15  5  29  11  7  21  23  30  8  25  18  15  25  16  29  23  22  11  7  17  26  11  35  22  5  32  13  24  24  34  23  25  17  27  28  15  7  17  7  35  26  34  

Processing times: 180  122  197  141  168  130  182  143  136  126  163  184  146  182  199  199  137  188  136  150  166  131  191  159  187  158  177  176  161  149  136  200  155  181  163  200  130  120  190  144  189  190  146  175  129  138  167  175  177  149  

-------------------------------------------------------------------------------

Number of jobs: 50  Number of machines: 2

Initialization time: 1

Setup times: 6  19  20  17  10  24  8  26  16  15  35  17  23  19  9  5  32  7  28  16  28  22  32  12  13  27  7  13  28  28  17  35  14  18  24  34  28  31  35  32  24  5  34  23  19  23  20  28  19  8  

Processing times: 125  122  128  121  147  161  121  125  152  143  121  124  174  135  121  184  176  132  163  170  180  187  163  182  125  191  130  121  194  134  134  154  165  179  135  181  147  198  154  191  182  122  167  148  181  145  123  132  184  129  

-------------------------------------------------------------------------------

Number of jobs: 50  Number of machines: 2

Initialization time: 1

Setup times: 9  15  10  21  27  10  6  20  18  5  25  24  14  19  9  6  27  25  28  26  30  16  6  5  11  32  32  6  13  33  28  11  14  21  11  27  27  9  31  19  21  9  15  29  15  13  10  20  17  31  

Processing times: 192  177  160  128  194  178  124  192  192  143  192  144  140  153  123  184  167  121  197  137  173  147  195  153  158  138  195  121  191  156  129  158  177  137  139  199  154  176  144  149  181  138  164  188  126  190  149  133  185  143  

-------------------------------------------------------------------------------

Number of jobs: 50  Number of machines: 2

Initialization time: 1

Setup times: 15  12  16  27  14  23  32  17  28  19  16  11  16  18  35  12  11  33  25  24  10  33  9  35  17  13  25  21  31  31  12  26  5  17  13  32  32  24  23  27  32  32  33  17  34  30  32  6  18  27  

Processing times: 193  124  165  171  152  164  143  195  175  123  140  136  198  179  196  192  160  176  123  124  147  158  125  156  190  177  174  182  123  162  183  198  187  129  167  152  130  122  164  181  178  145  160  161  195  190  120  162  131  195  

-------------------------------------------------------------------------------

Number of jobs: 50  Number of machines: 2

Initialization time: 1

Setup times: 28  18  19  33  8  30  11  7  27  28  7  8  9  27  25  15  30  8  10  27  9  24  10  19  17  29  26  7  34  18  13  29  28  19  32  32  30  18  10  21  10  23  26  25  34  6  25  5  27  18  

Processing times: 177  161  174  164  150  142  179  151  181  178  128  181  200  194  135  149  153  188  121  127  180  196  123  138  166  193  151  150  125  149  161  140  187  163  179  167  136  163  188  140  134  128  128  132  136  172  179  182  132  197  

-------------------------------------------------------------------------------

Number of jobs: 50  Number of machines: 2

Initialization time: 1

Setup times: 32  21  14  23  35  27  23  33  25  33  30  34  34  16  19  22  24  29  28  23  17  22  10  34  32  23  18  30  5  9  23  24  25  32  30  29  30  27  8  20  18  12  28  32  13  33  27  21  20  16  

Processing times: 200  196  182  171  141  179  181  168  149  196  169  195  148  179  145  146  136  184  190  178  121  121  158  151  196  146  164  199  159  166  121  141  174  180  181  125  179  153  129  162  186  136  167  125  177  125  169  168  196  188  

-------------------------------------------------------------------------------

Number of jobs: 50  Number of machines: 2

Initialization time: 1

Setup times: 12  19  20  23  25  21  8  35  32  32  7  18  30  27  15  8  20  25  13  13  10  33  23  6  18  24  33  10  16  18  8  19  27  12  14  19  14  25  13  12  15  29  9  11  8  8  28  29  26  9  

Processing times: 121  138  132  156  129  182  189  122  140  124  163  184  192  168  145  170  135  200  164  148  197  142  142  188  200  183  147  163  124  192  196  165  163  183  190  200  161  161  180  136  141  192  138  197  197  200  143  188  161  193  

-------------------------------------------------------------------------------

Number of jobs: 50  Number of machines: 2

Initialization time: 1

Setup times: 13  21  10  27  11  34  32  15  28  18  29  10  34  24  20  16  26  17  21  21  23  7  16  29  29  6  28  19  9  24  26  19  34  26  25  6  5  32  27  13  20  19  26  31  19  23  31  5  26  6  

Processing times: 196  128  183  177  135  147  131  183  189  193  144  194  167  122  155  131  183  151  179  152  126  127  166  148  176  158  156  172  146  165  197  151  178  163  187  166  186  133  172  157  155  174  168  199  188  162  163  161  146  138  

-------------------------------------------------------------------------------

Number of jobs: 50  Number of machines: 2

Initialization time: 1

Setup times: 16  26  17  17  29  28  27  18  16  8  6  16  20  13  31  25  16  23  20  15  12  32  21  11  9  6  17  12  5  8  14  29  30  34  11  31  18  17  22  11  19  29  6  7  6  28  12  6  23  24  

Processing times: 135  120  200  122  172  141  124  122  193  165  173  175  147  171  180  126  200  168  169  186  190  158  178  129  177  199  129  194  158  156  185  167  179  130  149  124  174  187  172  121  168  121  178  132  169  181  157  136  156  199  

-------------------------------------------------------------------------------

Number of jobs: 50  Number of machines: 2

Initialization time: 1

Setup times: 31  13  8  29  12  30  12  22  33  24  16  28  12  32  22  7  29  7  6  18  23  16  30  28  18  31  15  15  10  10  27  16  33  24  26  9  26  10  17  14  33  15  18  35  24  27  18  32  7  34  

Processing times: 125  154  166  162  159  180  124  173  132  152  127  195  148  140  125  165  171  199  179  135  180  188  181  186  199  174  169  168  187  129  159  169  126  165  177  190  124  162  171  124  140  123  131  187  146  193  178  133  189  156  

-------------------------------------------------------------------------------

Number of jobs: 50  Number of machines: 2

Initialization time: 1

Setup times: 15  25  31  33  27  30  30  24  18  10  24  7  34  35  10  33  27  18  19  22  22  7  30  13  12  23  14  20  6  31  16  29  13  29  27  7  34  24  29  26  7  23  9  31  33  30  6  15  7  14  

Processing times: 165  151  196  130  125  169  149  125  183  125  130  189  137  158  194  175  169  150  124  125  153  147  154  120  178  126  133  169  143  197  171  142  144  155  128  191  133  141  136  122  151  182  162  197  200  169  161  191  152  126  

-------------------------------------------------------------------------------

Number of jobs: 50  Number of machines: 2

Initialization time: 1

Setup times: 15  32  14  29  8  31  33  12  31  30  7  11  28  16  28  6  33  11  21  24  24  10  32  26  31  26  31  8  21  16  10  7  17  35  25  34  29  27  24  6  33  24  14  27  19  6  18  9  15  26  

Processing times: 126  141  145  143  138  168  120  194  155  198  162  127  122  156  160  186  127  199  189  175  172  149  121  180  173  165  125  195  176  138  150  128  196  186  179  145  138  199  135  187  155  151  187  143  127  158  175  181  145  180  

-------------------------------------------------------------------------------

Number of jobs: 50  Number of machines: 2

Initialization time: 1

Setup times: 17  29  30  9  7  32  17  8  13  34  20  16  12  35  20  7  13  10  6  15  33  5  10  29  34  5  34  11  10  32  15  12  32  13  26  8  21  14  26  28  22  6  15  17  7  23  22  35  32  10  

Processing times: 138  165  148  136  175  179  150  194  156  169  187  135  180  176  191  165  174  168  151  137  138  129  189  148  166  126  121  193  164  196  130  178  157  197  142  172  182  154  138  191  146  161  187  193  151  126  185  151  138  195  

-------------------------------------------------------------------------------

Number of jobs: 50  Number of machines: 2

Initialization time: 1

Setup times: 21  14  25  33  22  7  8  31  29  18  19  21  10  33  27  11  33  12  16  30  32  5  8  10  14  28  7  11  15  17  28  34  26  18  22  34  12  8  16  20  15  14  18  35  17  30  32  23  7  14  

Processing times: 150  154  195  139  179  159  159  197  176  122  143  155  120  170  138  123  140  182  197  128  195  147  171  133  182  195  164  142  124  183  191  191  176  163  154  139  151  143  121  160  199  173  148  136  138  168  200  166  162  127  

-------------------------------------------------------------------------------

Number of jobs: 50  Number of machines: 2

Initialization time: 1

Setup times: 26  16  10  13  11  26  16  24  16  30  20  22  28  13  32  11  28  20  19  15  12  17  5  27  26  33  23  21  6  29  28  10  29  20  19  30  24  27  14  28  28  21  13  20  7  29  20  24  24  28  

Processing times: 173  150  132  183  174  159  131  133  200  172  158  128  200  133  134  134  190  154  121  133  144  148  165  150  189  124  125  165  132  156  122  122  200  146  135  128  154  180  164  199  128  164  164  184  168  132  195  155  198  123  

-------------------------------------------------------------------------------

Number of jobs: 50  Number of machines: 2

Initialization time: 1

Setup times: 6  11  9  22  24  8  21  35  30  35  23  25  10  24  20  34  5  23  19  8  21  26  25  20  7  9  33  34  23  33  26  23  6  6  8  12  35  15  31  32  29  19  27  34  19  11  34  23  7  31  

Processing times: 180  149  158  145  122  129  182  124  189  149  190  146  161  154  193  178  164  183  165  187  164  147  160  131  187  134  171  126  125  175  188  132  193  148  127  170  159  151  122  172  144  121  159  149  200  136  173  138  138  150  

-------------------------------------------------------------------------------

Number of jobs: 50  Number of machines: 2

Initialization time: 1

Setup times: 15  34  27  22  32  11  30  24  30  8  20  14  10  8  18  35  8  8  15  23  25  11  33  21  28  28  21  19  22  8  29  7  9  6  11  30  23  15  30  33  19  23  27  35  23  9  15  11  35  20  

Processing times: 159  191  138  147  167  158  131  156  147  134  132  186  130  160  164  165  122  178  156  190  137  144  155  153  178  177  176  135  174  168  148  181  133  164  171  171  130  131  179  148  147  140  175  197  182  175  120  146  183  186  

-------------------------------------------------------------------------------

Number of jobs: 50  Number of machines: 2

Initialization time: 1

Setup times: 9  11  9  17  18  10  26  20  28  28  31  33  27  14  26  8  8  27  8  10  28  28  19  34  23  27  9  6  17  7  25  34  12  8  10  13  17  12  26  19  8  9  27  9  16  11  33  31  27  12  

Processing times: 131  144  175  194  159  180  174  130  200  155  125  180  161  196  172  135  185  155  135  128  193  168  133  167  149  121  175  151  126  146  194  128  148  166  131  155  167  134  174  125  154  195  197  120  160  133  156  144  185  128  

-------------------------------------------------------------------------------

Number of jobs: 50  Number of machines: 2

Initialization time: 1

Setup times: 17  18  19  18  23  22  13  10  10  8  29  12  22  31  20  22  28  14  34  16  11  7  33  32  34  16  11  8  15  27  34  35  26  30  28  33  9  28  28  21  23  17  5  5  35  17  8  11  26  30  

Processing times: 170  148  186  151  191  170  130  155  123  137  172  166  136  139  149  147  173  189  165  187  192  189  171  191  168  195  140  184  168  172  159  187  199  175  147  149  139  132  122  120  170  189  152  138  199  130  120  164  195  177  

-------------------------------------------------------------------------------

Number of jobs: 50  Number of machines: 2

Initialization time: 1

Setup times: 11  32  11  10  12  28  7  32  20  34  9  32  11  15  21  15  30  24  8  27  29  11  28  16  10  13  34  35  11  27  32  13  5  31  24  32  24  29  20  18  19  18  31  26  8  14  10  30  14  20  

Processing times: 150  161  184  121  155  141  178  150  148  132  185  142  164  126  146  167  137  186  198  124  131  120  181  146  135  144  147  170  174  167  194  120  193  197  128  186  191  134  163  144  144  169  159  162  189  181  152  131  196  183  

-------------------------------------------------------------------------------

Number of jobs: 50  Number of machines: 2

Initialization time: 1

Setup times: 26  8  29  19  34  11  24  26  10  22  9  24  10  30  6  8  9  17  34  5  32  32  16  21  8  5  23  28  7  26  13  35  19  35  34  29  7  23  35  12  11  24  8  33  26  20  32  27  7  26  

Processing times: 147  170  122  131  158  152  125  134  153  131  189  160  154  200  159  153  121  132  185  133  166  172  143  129  132  129  121  130  127  195  173  185  139  144  198  191  152  160  185  141  152  173  140  199  154  129  130  191  180  143  

-------------------------------------------------------------------------------

Number of jobs: 50  Number of machines: 2

Initialization time: 1

Setup times: 28  28  34  17  16  15  29  13  18  23  21  31  20  10  21  9  19  30  21  14  23  32  32  21  10  21  29  18  29  18  5  14  35  23  11  8  15  7  7  34  13  11  26  7  20  35  35  23  9  13  

Processing times: 126  137  153  184  143  133  193  140  140  173  187  135  171  167  178  183  176  120  138  132  161  143  135  196  165  139  144  188  192  189  122  123  134  165  163  200  133  127  185  146  155  178  162  134  137  158  176  173  195  149  

-------------------------------------------------------------------------------

Number of jobs: 50  Number of machines: 2

Initialization time: 1

Setup times: 33  12  26  27  10  17  15  7  5  20  34  14  33  10  27  30  32  19  35  22  33  29  28  20  26  26  6  10  9  13  14  31  17  21  17  17  28  23  13  23  28  25  22  13  35  32  25  28  29  9  

Processing times: 132  129  174  146  182  149  183  183  150  167  195  128  163  126  167  161  184  163  191  170  193  154  166  180  133  171  139  155  163  123  162  151  139  134  125  141  190  191  187  145  151  141  136  193  131  200  135  200  141  180  

-------------------------------------------------------------------------------

Number of jobs: 50  Number of machines: 2

Initialization time: 1

Setup times: 10  6  12  11  27  10  17  19  35  15  28  14  18  27  7  29  5  29  21  33  8  26  35  23  25  21  15  19  34  7  24  29  8  6  34  15  34  25  13  13  16  9  29  13  25  15  12  24  29  12  

Processing times: 176  198  178  160  127  164  197  128  182  176  150  163  182  184  160  182  136  171  186  160  122  141  191  183  169  192  189  160  172  124  120  171  147  140  142  191  149  194  123  163  127  178  182  125  138  190  163  183  154  154  

-------------------------------------------------------------------------------

Number of jobs: 50  Number of machines: 2

Initialization time: 1

Setup times: 7  13  24  10  20  25  7  17  5  9  25  12  18  28  5  12  23  35  10  10  6  17  19  26  25  25  10  19  14  20  17  33  16  20  14  30  10  26  8  11  26  32  29  21  21  28  30  33  11  26  

Processing times: 123  135  199  197  144  124  175  134  175  167  135  174  178  137  161  132  131  125  165  130  162  179  183  139  149  181  141  133  130  182  174  126  170  199  127  152  190  151  124  120  154  185  182  173  166  168  122  133  166  166  

-------------------------------------------------------------------------------

Number of jobs: 50  Number of machines: 2

Initialization time: 1

Setup times: 22  13  30  7  5  25  8  5  11  26  23  33  28  24  13  8  31  19  15  18  13  12  14  35  19  31  19  26  10  27  21  28  12  8  20  31  33  34  31  27  20  16  33  9  10  7  23  26  20  10  

Processing times: 146  159  178  123  178  184  143  146  185  150  191  195  127  127  122  182  146  130  139  175  154  176  143  142  146  127  149  129  197  198  138  126  167  194  172  138  125  158  150  123  182  183  187  185  180  135  154  179  167  121  

-------------------------------------------------------------------------------

Number of jobs: 50  Number of machines: 2

Initialization time: 1

Setup times: 18  30  18  20  13  18  15  26  13  13  21  27  34  35  6  21  6  25  20  35  24  6  34  9  24  11  35  8  28  27  26  14  18  24  12  27  31  26  6  19  16  27  8  28  27  31  34  21  26  13  

Processing times: 186  174  131  149  131  127  178  170  145  157  150  162  147  148  122  153  140  181  197  137  125  197  127  174  163  180  159  133  159  149  120  173  168  199  122  181  127  156  168  159  131  189  136  123  124  121  158  134  162  135  

-------------------------------------------------------------------------------

Number of jobs: 50  Number of machines: 2

Initialization time: 1

Setup times: 16  22  28  18  34  13  34  8  25  8  22  29  23  30  31  19  21  13  9  20  28  26  21  12  7  5  28  21  21  15  24  16  22  6  30  22  35  16  15  22  30  23  28  34  18  35  26  34  18  17  

Processing times: 196  145  189  159  180  122  172  190  158  174  170  131  127  122  182  123  187  136  131  122  129  196  182  127  170  146  132  160  172  127  189  126  162  200  170  123  166  162  120  154  128  151  137  152  196  125  193  127  137  169  

-------------------------------------------------------------------------------

Number of jobs: 50  Number of machines: 2

Initialization time: 1

Setup times: 28  9  27  35  20  23  24  26  34  32  34  11  22  6  23  21  33  31  23  33  6  10  7  33  11  25  7  32  30  14  12  18  22  17  22  5  15  34  33  22  21  16  24  22  17  9  32  15  20  6  

Processing times: 199  182  150  198  139  136  200  162  137  194  176  133  125  196  134  149  180  173  155  141  123  133  179  194  164  132  134  190  149  139  158  147  157  198  155  124  168  166  165  181  147  125  129  193  165  189  194  197  149  195  

-------------------------------------------------------------------------------

Number of jobs: 50  Number of machines: 2

Initialization time: 1

Setup times: 35  25  7  16  8  14  16  35  20  29  15  16  20  32  10  22  23  9  10  22  22  32  24  13  12  26  31  8  23  7  10  24  26  5  15  30  12  8  33  12  26  8  30  27  18  15  7  9  8  11  

Processing times: 121  182  171  154  157  139  189  189  168  181  146  154  159  157  195  137  139  137  183  152  170  151  192  175  139  200  127  196  141  140  158  141  141  184  199  182  145  145  182  124  188  172  191  137  149  193  152  198  122  131  

-------------------------------------------------------------------------------

Number of jobs: 50  Number of machines: 2

Initialization time: 1

Setup times: 15  25  24  30  21  20  24  13  6  15  6  8  21  14  5  22  21  20  15  25  19  7  30  25  9  30  17  30  33  21  35  24  24  27  15  25  32  31  8  5  11  6  28  29  22  17  32  32  28  11  

Processing times: 196  127  155  125  121  175  177  188  157  191  168  169  200  121  184  166  131  120  134  186  121  191  168  125  169  198  187  191  130  137  179  129  150  168  199  167  178  168  190  177  189  174  150  126  123  147  121  171  187  172  

-------------------------------------------------------------------------------

Number of jobs: 50  Number of machines: 2

Initialization time: 1

Setup times: 15  35  15  12  27  15  16  33  25  23  30  7  28  29  26  33  10  12  21  13  11  13  14  20  14  15  32  14  6  13  19  5  30  8  17  26  15  33  31  11  30  20  28  30  24  27  35  34  18  33  

Processing times: 136  142  191  139  147  174  197  123  164  155  146  158  178  149  183  144  183  151  200  122  148  192  171  138  144  171  181  149  158  122  176  162  135  200  143  163  152  131  130  122  121  144  120  136  177  132  200  175  120  177  

-------------------------------------------------------------------------------

Number of jobs: 50  Number of machines: 2

Initialization time: 1

Setup times: 8  12  5  21  17  25  15  35  7  10  32  18  34  24  8  9  21  21  14  7  32  30  15  22  9  24  17  17  19  18  14  24  15  14  18  17  25  6  17  22  22  5  29  32  30  9  18  19  31  25  

Processing times: 144  155  148  164  186  192  176  132  156  132  142  158  200  178  120  161  195  120  159  173  193  142  166  128  153  150  198  132  151  166  184  145  191  193  192  179  188  165  137  156  122  138  166  147  136  134  128  172  164  166  

-------------------------------------------------------------------------------

Number of jobs: 50  Number of machines: 2

Initialization time: 1

Setup times: 17  30  16  5  21  6  10  34  5  29  20  30  6  9  29  22  26  35  26  13  15  15  5  35  8  7  30  9  12  20  22  14  23  22  6  35  30  18  33  17  25  31  27  32  7  12  16  20  9  7  

Processing times: 142  184  200  179  136  188  130  120  196  173  167  178  174  135  145  192  127  130  196  187  168  161  190  144  194  189  127  143  159  157  190  129  187  163  184  126  185  177  169  167  125  157  172  183  192  123  145  198  153  140  

-------------------------------------------------------------------------------

Number of jobs: 50  Number of machines: 2

Initialization time: 1

Setup times: 26  12  26  22  12  5  13  35  7  25  20  34  19  19  14  12  13  8  14  16  5  18  20  16  32  13  33  25  6  34  11  28  10  13  25  33  23  25  33  27  34  14  18  27  12  19  35  32  30  25  

Processing times: 141  141  121  171  176  124  192  194  136  147  166  124  183  157  139  123  188  159  184  144  132  192  122  172  154  185  167  141  171  146  170  148  159  138  180  170  125  174  186  176  166  182  120  176  144  172  159  162  138  164  


