Number of jobs: 50  Number of machines: 2

Initialization time: 1

Setup times: 5  30  15  18  7  33  20  35  12  17  17  29  31  22  25  5  12  11  35  5  15  31  12  34  12  21  31  24  12  18  19  35  30  5  11  15  7  15  21  35  31  19  26  11  10  7  28  16  17  23  

Processing times: 43  36  51  48  28  29  39  57  28  44  45  34  53  23  52  51  22  46  51  25  21  50  41  47  37  54  30  23  57  39  60  59  45  39  23  32  39  49  58  54  42  28  29  35  45  46  27  29  38  29  

-------------------------------------------------------------------------------

Number of jobs: 50  Number of machines: 2

Initialization time: 1

Setup times: 27  22  14  34  11  10  10  12  30  15  6  20  21  35  24  19  28  28  31  6  34  8  8  33  24  6  17  25  13  33  14  12  31  9  22  20  5  17  11  7  12  34  26  30  31  21  10  35  35  28  

Processing times: 33  38  41  39  27  36  20  37  27  24  34  41  44  53  49  43  35  56  37  32  20  58  54  52  35  48  28  59  49  44  25  45  33  44  50  56  20  21  21  53  29  25  21  49  22  25  20  45  47  33  

-------------------------------------------------------------------------------

Number of jobs: 50  Number of machines: 2

Initialization time: 1

Setup times: 13  27  13  6  5  17  17  10  15  30  32  22  13  23  9  17  32  12  23  18  23  25  20  23  30  15  11  28  24  17  9  21  12  26  31  13  20  7  25  10  18  34  17  21  11  30  5  10  26  25  

Processing times: 60  54  48  20  57  39  26  30  21  30  43  57  60  23  28  24  46  34  36  54  49  45  26  41  51  35  54  44  52  44  27  25  48  54  59  34  20  23  21  44  28  20  57  28  40  57  51  41  28  51  

-------------------------------------------------------------------------------

Number of jobs: 50  Number of machines: 2

Initialization time: 1

Setup times: 23  31  12  17  33  31  34  29  16  9  24  6  10  15  15  21  35  15  20  12  12  28  31  7  16  22  34  26  31  34  13  27  16  29  29  22  9  23  24  25  34  8  18  12  28  20  27  32  15  29  

Processing times: 54  21  38  54  52  53  51  45  26  56  35  49  56  41  34  40  50  20  41  30  53  29  23  51  40  35  47  34  45  52  35  49  52  40  26  36  29  30  58  42  57  20  23  31  25  34  57  56  35  51  

-------------------------------------------------------------------------------

Number of jobs: 50  Number of machines: 2

Initialization time: 1

Setup times: 20  32  26  24  35  17  30  32  15  22  7  34  8  25  31  19  30  31  34  21  10  12  11  17  17  11  31  19  7  19  17  21  5  17  19  23  21  29  34  10  25  17  6  15  21  30  11  26  32  22  

Processing times: 32  23  22  26  60  30  29  33  22  47  26  49  46  58  52  48  56  41  29  28  39  53  35  26  38  43  44  35  31  58  58  46  21  45  20  23  42  40  33  43  43  37  20  57  43  46  33  24  38  46  

-------------------------------------------------------------------------------

Number of jobs: 50  Number of machines: 2

Initialization time: 1

Setup times: 21  5  9  19  26  32  11  29  26  19  33  27  17  31  33  33  29  11  10  34  15  29  30  16  10  27  33  11  20  24  7  10  13  23  5  25  34  15  12  13  32  23  24  11  14  26  11  23  22  12  

Processing times: 24  54  48  39  50  34  30  27  21  43  28  57  43  59  31  44  35  59  33  37  21  42  55  31  27  45  48  45  54  31  44  46  23  57  54  41  57  47  55  54  31  39  40  25  53  38  36  57  47  24  

-------------------------------------------------------------------------------

Number of jobs: 50  Number of machines: 2

Initialization time: 1

Setup times: 23  30  12  7  19  30  35  5  26  5  18  31  15  23  35  9  5  7  15  9  35  29  27  8  12  18  25  23  11  9  5  23  9  8  19  17  5  29  27  33  5  8  21  12  34  16  30  19  17  27  

Processing times: 35  34  57  23  39  48  48  53  37  37  43  26  46  20  55  49  46  60  25  56  44  56  35  54  35  52  29  53  56  44  23  56  20  54  39  36  31  49  56  54  46  54  30  31  43  21  39  44  58  46  

-------------------------------------------------------------------------------

Number of jobs: 50  Number of machines: 2

Initialization time: 1

Setup times: 26  29  13  7  33  30  7  8  32  15  23  7  20  33  20  19  17  23  7  18  27  28  32  24  14  13  31  7  34  27  23  28  19  6  14  10  20  6  18  13  23  16  9  10  15  35  25  26  10  7  

Processing times: 21  54  40  57  22  42  21  37  42  53  55  46  60  43  30  46  35  59  40  34  38  23  57  21  58  33  41  37  24  46  21  35  26  29  28  41  29  24  56  31  26  36  43  20  58  25  44  56  59  44  

-------------------------------------------------------------------------------

Number of jobs: 50  Number of machines: 2

Initialization time: 1

Setup times: 32  26  30  21  6  23  7  10  23  15  8  25  7  31  34  14  21  8  21  9  12  33  25  34  21  35  10  24  17  30  25  8  9  22  15  11  19  7  26  14  17  10  30  16  17  24  8  13  6  7  

Processing times: 36  39  23  21  55  28  25  26  51  38  37  55  56  50  55  23  31  46  44  40  49  40  27  60  20  58  34  38  41  23  27  44  29  34  50  37  31  24  43  47  50  29  29  43  49  31  22  45  28  55  

-------------------------------------------------------------------------------

Number of jobs: 50  Number of machines: 2

Initialization time: 1

Setup times: 13  34  35  34  33  33  22  28  25  25  18  16  5  31  32  13  11  20  17  33  33  33  11  16  24  34  10  21  24  5  23  29  15  9  17  33  26  23  16  29  27  6  11  20  27  34  19  31  10  32  

Processing times: 40  43  37  24  39  32  44  53  54  24  56  44  43  59  31  56  57  31  46  37  41  60  46  26  54  32  26  58  49  21  51  42  39  24  49  23  28  37  55  21  40  35  42  50  46  40  38  36  41  52  

-------------------------------------------------------------------------------

Number of jobs: 50  Number of machines: 2

Initialization time: 1

Setup times: 25  12  17  5  27  8  22  15  6  27  15  11  22  19  29  11  7  14  21  14  26  29  19  19  19  19  14  34  22  5  21  20  16  18  21  17  22  30  33  23  30  31  25  26  15  29  10  5  15  16  

Processing times: 41  35  53  44  58  56  52  43  52  34  38  47  46  20  52  29  39  27  32  54  53  25  32  43  32  52  59  57  35  39  51  49  33  38  60  37  52  59  31  49  60  33  48  59  56  52  51  32  33  41  

-------------------------------------------------------------------------------

Number of jobs: 50  Number of machines: 2

Initialization time: 1

Setup times: 19  14  7  21  7  12  26  27  34  9  9  28  16  32  28  35  18  23  23  19  35  19  22  35  25  7  12  25  21  20  7  33  7  30  14  16  7  10  35  24  15  34  16  30  31  18  13  26  30  6  

Processing times: 45  46  34  38  36  22  26  23  49  37  48  60  37  42  53  23  22  36  32  59  54  23  27  43  58  49  47  32  56  20  48  26  41  32  39  41  21  24  34  22  20  21  48  38  50  58  35  33  22  44  

-------------------------------------------------------------------------------

Number of jobs: 50  Number of machines: 2

Initialization time: 1

Setup times: 19  34  6  25  31  33  13  5  11  26  30  6  31  28  17  9  6  7  26  5  28  16  20  10  34  35  16  33  35  29  10  6  32  34  10  19  22  15  21  26  34  34  24  31  19  33  7  16  28  17  

Processing times: 59  25  20  45  31  26  41  43  23  39  44  40  44  21  24  55  51  20  21  40  20  27  57  52  39  44  31  34  57  58  51  30  56  57  51  52  49  41  59  49  43  58  23  24  20  46  25  48  44  55  

-------------------------------------------------------------------------------

Number of jobs: 50  Number of machines: 2

Initialization time: 1

Setup times: 12  19  18  15  21  35  8  23  30  17  5  20  17  32  31  6  26  24  13  31  19  28  29  12  16  5  14  9  28  23  6  15  33  33  11  21  32  25  11  10  29  12  13  34  20  17  14  17  19  23  

Processing times: 42  56  53  59  24  49  21  34  41  40  46  22  27  37  46  34  25  52  50  51  54  22  56  34  35  48  23  22  29  37  25  48  21  48  60  58  60  36  42  25  33  49  34  47  58  21  43  24  29  52  

-------------------------------------------------------------------------------

Number of jobs: 50  Number of machines: 2

Initialization time: 1

Setup times: 10  12  19  23  15  18  34  21  7  33  25  9  19  5  27  31  29  18  21  24  28  27  34  34  20  5  24  6  29  29  26  7  19  20  21  5  19  30  28  30  25  21  6  26  27  26  25  11  33  12  

Processing times: 57  51  34  48  55  21  29  45  60  56  56  36  41  57  55  49  28  28  35  41  41  41  45  49  24  31  46  58  41  20  33  25  22  22  38  41  50  28  32  43  58  25  30  56  40  56  42  46  55  34  

-------------------------------------------------------------------------------

Number of jobs: 50  Number of machines: 2

Initialization time: 1

Setup times: 9  32  16  9  21  27  9  32  5  11  19  21  20  16  25  20  12  25  10  30  5  27  32  25  16  7  15  27  26  25  33  33  7  32  15  30  24  18  6  12  14  24  20  10  32  7  7  32  22  9  

Processing times: 40  43  37  59  45  22  50  46  33  47  36  21  43  20  39  24  21  26  20  22  48  45  42  53  42  32  36  58  51  40  45  52  24  54  52  43  29  54  54  26  24  21  36  47  58  30  53  56  26  44  

-------------------------------------------------------------------------------

Number of jobs: 50  Number of machines: 2

Initialization time: 1

Setup times: 21  24  9  11  8  29  6  26  9  14  20  18  25  27  14  11  7  22  5  5  33  25  27  15  25  6  8  8  30  13  6  32  17  28  21  15  23  5  34  6  14  34  31  24  14  23  8  34  35  24  

Processing times: 23  34  20  43  59  25  41  56  24  58  20  39  34  41  21  52  46  20  53  42  48  51  36  28  42  58  59  23  46  49  39  59  46  28  36  54  45  26  38  51  32  21  42  56  30  59  60  60  56  26  

-------------------------------------------------------------------------------

Number of jobs: 50  Number of machines: 2

Initialization time: 1

Setup times: 10  32  8  26  18  35  24  8  6  31  27  35  9  8  29  21  19  24  17  18  30  31  29  24  9  34  12  12  28  27  21  31  15  17  11  25  23  33  17  33  25  9  18  17  10  25  11  18  29  21  

Processing times: 29  25  31  48  32  49  23  55  32  57  60  28  20  48  49  32  50  55  51  53  29  41  28  59  38  50  60  54  45  39  20  49  58  60  58  58  40  60  30  51  52  37  54  39  47  32  40  28  47  51  

-------------------------------------------------------------------------------

Number of jobs: 50  Number of machines: 2

Initialization time: 1

Setup times: 21  20  7  27  34  17  18  8  19  21  20  24  30  31  19  6  31  10  16  9  21  6  25  9  32  17  11  28  25  6  20  27  17  6  7  28  35  15  23  7  34  31  32  25  10  10  11  26  20  12  

Processing times: 40  20  26  37  32  56  22  23  34  57  42  59  27  28  45  57  22  56  34  48  49  60  58  49  32  42  34  40  40  23  21  53  35  46  56  44  49  21  56  46  54  46  60  40  59  28  42  35  27  49  

-------------------------------------------------------------------------------

Number of jobs: 50  Number of machines: 2

Initialization time: 1

Setup times: 19  15  21  12  17  20  10  29  21  14  17  32  19  10  33  23  19  7  22  24  6  17  16  14  28  34  16  20  10  23  19  10  8  5  24  13  34  8  8  33  29  13  20  14  33  33  33  26  20  22  

Processing times: 35  52  49  33  28  38  57  21  22  48  38  55  50  60  48  50  35  49  59  48  57  31  45  54  28  55  28  51  30  54  43  42  56  47  58  40  49  30  38  48  37  59  33  55  49  23  30  56  29  48  

-------------------------------------------------------------------------------

Number of jobs: 50  Number of machines: 2

Initialization time: 1

Setup times: 26  13  17  35  35  16  28  23  25  23  17  10  15  17  29  14  11  6  11  18  8  22  18  28  16  27  9  28  29  18  9  21  15  27  10  5  16  17  7  23  22  24  18  10  24  13  26  33  7  17  

Processing times: 41  41  42  29  59  32  44  58  23  60  36  27  31  46  37  49  49  51  28  23  51  24  45  33  32  40  37  20  26  25  29  31  21  59  42  59  56  54  28  60  54  32  23  58  22  32  25  37  28  32  

-------------------------------------------------------------------------------

Number of jobs: 50  Number of machines: 2

Initialization time: 1

Setup times: 35  24  24  9  5  6  14  26  7  27  24  26  22  8  6  10  22  30  34  10  7  23  26  21  33  21  24  10  20  20  16  11  20  11  28  12  22  11  11  31  15  35  7  28  19  26  15  23  25  5  

Processing times: 44  43  51  45  43  45  51  22  30  60  54  21  56  34  38  27  24  37  56  36  56  52  49  25  24  42  56  26  38  40  39  44  34  34  32  22  44  39  41  40  47  27  51  60  29  33  47  51  21  37  

-------------------------------------------------------------------------------

Number of jobs: 50  Number of machines: 2

Initialization time: 1

Setup times: 22  5  14  35  27  20  32  34  29  16  5  31  19  7  14  11  25  20  34  30  15  22  12  32  31  9  27  16  18  18  22  18  18  6  21  35  19  21  23  30  32  25  26  11  18  26  8  16  26  18  

Processing times: 55  32  40  41  34  21  58  52  46  55  20  35  52  50  24  22  52  56  36  56  31  44  56  56  56  47  41  43  41  48  31  29  24  20  45  35  20  57  44  58  36  22  35  46  58  49  22  34  55  45  

-------------------------------------------------------------------------------

Number of jobs: 50  Number of machines: 2

Initialization time: 1

Setup times: 19  11  21  30  17  35  7  22  11  16  27  16  27  25  31  17  25  34  24  18  26  34  31  23  24  29  34  21  33  21  11  17  23  29  29  31  19  24  19  18  34  10  5  33  16  29  20  14  20  13  

Processing times: 38  30  54  29  37  56  50  45  53  24  53  47  53  60  45  30  37  25  49  59  42  35  52  49  28  57  50  38  43  37  42  35  56  60  47  27  50  50  27  34  40  53  57  25  24  60  60  36  31  34  

-------------------------------------------------------------------------------

Number of jobs: 50  Number of machines: 2

Initialization time: 1

Setup times: 35  5  6  11  11  24  14  21  16  34  6  18  15  32  20  29  26  10  10  21  19  31  26  28  26  14  16  34  27  27  25  17  12  8  26  26  5  5  7  26  29  12  21  18  35  16  31  11  8  28  

Processing times: 31  46  58  21  34  24  30  21  31  26  36  37  27  32  54  43  55  54  48  44  47  28  45  25  46  49  40  42  47  57  23  43  58  51  28  37  26  48  55  23  49  45  43  37  55  53  22  52  41  32  

-------------------------------------------------------------------------------

Number of jobs: 50  Number of machines: 2

Initialization time: 1

Setup times: 21  24  22  26  14  25  7  22  15  15  16  16  19  25  31  29  18  7  30  26  21  9  11  34  10  6  26  35  25  35  14  15  7  16  19  16  31  7  20  5  7  5  31  32  24  34  35  22  19  26  

Processing times: 59  27  42  47  29  45  47  44  26  22  38  21  50  42  23  48  52  30  36  24  41  56  25  39  40  42  53  43  37  42  48  40  25  40  55  32  55  27  52  20  52  32  34  21  47  48  58  44  51  22  

-------------------------------------------------------------------------------

Number of jobs: 50  Number of machines: 2

Initialization time: 1

Setup times: 35  29  16  35  21  11  11  29  31  23  8  21  24  17  18  30  10  28  11  6  30  20  18  23  17  30  23  10  30  13  32  6  10  31  19  17  15  10  14  12  35  8  32  20  22  9  32  17  9  32  

Processing times: 26  52  37  44  35  47  51  21  34  25  31  36  55  41  42  23  46  22  34  24  51  43  30  44  39  41  49  52  42  45  54  32  38  30  43  46  32  45  32  44  60  44  55  46  47  38  54  47  25  35  

-------------------------------------------------------------------------------

Number of jobs: 50  Number of machines: 2

Initialization time: 1

Setup times: 20  5  6  33  22  27  15  27  26  25  18  33  17  8  7  5  6  27  18  31  25  15  28  5  11  5  26  30  29  14  33  35  34  32  14  5  8  15  35  8  8  30  16  5  23  14  24  32  26  26  

Processing times: 25  26  21  50  27  41  41  29  24  57  46  42  31  56  29  47  56  39  44  34  38  44  37  23  44  40  55  28  59  40  40  22  41  30  45  58  39  43  56  32  56  53  39  22  27  34  35  52  36  36  

-------------------------------------------------------------------------------

Number of jobs: 50  Number of machines: 2

Initialization time: 1

Setup times: 29  14  24  20  5  23  35  29  9  13  13  6  20  17  25  18  26  17  12  9  21  7  29  10  12  35  20  28  11  14  5  11  19  27  10  14  13  9  10  22  13  22  32  11  19  34  31  18  25  32  

Processing times: 38  29  27  49  39  40  49  40  41  53  44  50  26  31  30  42  39  39  53  54  42  41  55  34  33  58  59  27  29  50  41  30  24  34  36  58  21  25  25  29  59  58  38  41  25  24  21  46  46  32  

-------------------------------------------------------------------------------

Number of jobs: 50  Number of machines: 2

Initialization time: 1

Setup times: 30  20  16  18  15  34  22  32  21  22  8  17  34  26  29  17  24  23  27  20  9  31  25  8  22  12  5  30  32  5  29  22  35  18  32  11  30  17  27  6  18  15  26  17  17  7  35  32  26  27  

Processing times: 38  60  34  53  52  45  22  42  56  47  46  59  47  28  36  24  40  30  56  40  21  36  35  55  50  20  23  55  27  33  47  43  34  50  27  24  47  35  27  54  38  39  56  22  45  30  51  31  58  29  

-------------------------------------------------------------------------------

Number of jobs: 50  Number of machines: 2

Initialization time: 1

Setup times: 25  5  13  16  34  5  24  19  35  10  13  22  24  32  8  11  15  33  29  14  9  19  16  29  25  32  11  17  9  5  10  24  23  20  33  10  13  26  27  24  14  24  14  23  17  32  17  10  22  30  

Processing times: 29  36  48  42  56  49  28  38  31  24  37  22  50  33  24  31  51  50  44  47  35  36  37  33  40  50  32  47  43  44  20  37  59  40  40  32  59  55  34  51  51  60  38  58  42  27  48  23  55  42  

-------------------------------------------------------------------------------

Number of jobs: 50  Number of machines: 2

Initialization time: 1

Setup times: 26  26  22  15  10  27  6  28  7  6  21  29  32  14  6  7  9  11  32  12  10  15  6  24  15  29  34  13  31  25  18  28  35  15  10  24  23  19  5  26  25  33  22  25  9  35  6  20  25  9  

Processing times: 54  22  52  39  48  39  29  24  56  25  32  60  43  47  29  21  60  56  36  35  57  23  32  53  52  26  32  25  25  21  48  39  38  52  55  56  41  47  43  54  49  60  25  41  48  30  43  34  32  23  

-------------------------------------------------------------------------------

Number of jobs: 50  Number of machines: 2

Initialization time: 1

Setup times: 23  26  32  34  14  35  29  23  25  24  32  12  18  8  30  34  28  11  15  21  13  31  12  7  20  26  13  31  16  14  19  23  22  26  23  8  10  7  8  10  34  6  24  32  28  18  18  30  25  33  

Processing times: 49  31  22  54  41  21  34  27  29  39  54  47  32  33  52  35  45  42  60  43  58  59  29  53  43  45  50  42  53  59  48  52  55  50  48  53  29  44  60  50  28  51  42  37  60  29  48  26  56  35  

-------------------------------------------------------------------------------

Number of jobs: 50  Number of machines: 2

Initialization time: 1

Setup times: 28  22  16  5  20  7  22  14  16  23  11  19  13  12  28  30  16  11  9  8  33  29  21  25  8  18  31  31  16  11  18  19  12  11  22  8  12  29  24  18  24  7  28  17  32  8  34  20  32  23  

Processing times: 31  47  53  53  38  54  60  34  52  44  46  31  49  25  49  29  38  49  49  48  24  35  30  39  37  51  35  46  45  57  60  54  47  41  27  60  41  25  57  40  42  30  60  52  35  51  42  37  50  36  

-------------------------------------------------------------------------------

Number of jobs: 50  Number of machines: 2

Initialization time: 1

Setup times: 34  25  31  12  31  35  29  11  20  11  29  24  24  17  27  8  13  16  30  32  8  34  6  6  17  21  22  35  23  15  30  16  25  30  21  6  8  21  16  26  24  22  6  5  8  17  31  9  15  18  

Processing times: 21  43  56  37  49  28  42  60  26  45  47  47  51  24  40  52  30  54  46  46  52  30  38  36  53  37  32  26  23  57  33  50  29  58  51  27  23  58  46  60  44  42  36  37  35  32  27  25  28  30  

-------------------------------------------------------------------------------

Number of jobs: 50  Number of machines: 2

Initialization time: 1

Setup times: 15  7  8  8  7  18  32  33  35  30  20  11  6  16  13  34  19  12  17  29  11  31  8  18  34  22  30  15  32  22  9  26  33  15  28  14  20  35  18  9  14  28  8  6  5  30  12  6  18  15  

Processing times: 35  24  54  56  57  21  28  26  44  30  48  30  58  34  45  38  46  33  53  33  44  20  30  23  27  31  39  36  25  30  40  38  40  49  27  58  55  21  23  25  37  60  39  29  25  22  47  54  28  43  

-------------------------------------------------------------------------------

Number of jobs: 50  Number of machines: 2

Initialization time: 1

Setup times: 24  13  5  34  7  12  35  23  9  31  10  19  30  11  28  20  15  13  7  29  17  5  9  24  32  25  17  24  32  21  30  21  14  33  19  6  26  20  27  35  31  24  21  6  24  12  6  16  25  31  

Processing times: 59  48  51  49  52  38  32  51  56  36  21  49  29  25  42  45  52  36  22  55  57  37  38  41  52  40  49  42  53  48  57  31  42  28  52  35  44  25  36  25  59  58  38  27  27  23  38  39  22  54  

-------------------------------------------------------------------------------

Number of jobs: 50  Number of machines: 2

Initialization time: 1

Setup times: 19  34  32  10  25  16  15  24  21  33  25  15  9  33  25  35  5  26  27  31  8  7  27  23  25  25  19  27  9  22  24  14  6  15  23  6  6  26  15  30  26  23  25  25  22  28  23  25  17  32  

Processing times: 26  49  39  33  49  32  58  41  20  22  55  42  50  56  56  34  56  57  26  39  58  21  54  27  39  27  52  38  58  20  49  51  33  30  21  43  24  26  20  39  45  40  27  27  21  32  33  24  43  36  

-------------------------------------------------------------------------------

Number of jobs: 50  Number of machines: 2

Initialization time: 1

Setup times: 29  20  29  32  9  35  23  12  22  10  6  33  30  8  35  30  35  16  13  7  6  35  18  20  26  34  21  30  18  11  14  20  30  35  25  8  25  10  9  12  14  26  19  24  26  21  19  5  23  27  

Processing times: 35  41  41  60  38  38  60  39  51  43  34  36  47  35  24  53  57  54  34  35  29  57  24  33  51  29  56  27  55  39  50  57  55  47  52  44  25  25  23  51  24  31  54  51  39  60  20  29  43  24  

-------------------------------------------------------------------------------

Number of jobs: 50  Number of machines: 2

Initialization time: 1

Setup times: 18  16  5  21  7  6  29  24  26  19  19  18  27  24  21  16  33  8  13  31  15  33  26  22  21  19  24  6  23  10  8  21  8  26  5  11  31  34  33  28  18  12  20  5  26  11  14  30  35  8  

Processing times: 36  56  45  44  52  48  42  57  48  60  39  22  51  29  32  57  28  49  30  33  41  31  38  34  29  57  25  22  35  45  38  34  26  22  48  47  45  41  29  59  55  51  50  38  56  21  38  32  28  60  

-------------------------------------------------------------------------------

Number of jobs: 50  Number of machines: 2

Initialization time: 1

Setup times: 17  6  21  23  26  8  16  20  12  29  23  21  23  14  15  15  31  8  11  10  22  17  31  7  33  10  34  27  23  13  13  22  16  18  24  14  28  34  10  24  15  17  8  19  6  21  14  30  18  29  

Processing times: 31  54  25  56  57  47  54  27  38  31  56  25  32  51  21  23  51  47  56  43  24  48  56  48  33  59  21  45  49  47  33  60  22  44  34  23  56  38  59  57  35  48  23  40  30  34  49  54  42  42  

-------------------------------------------------------------------------------

Number of jobs: 50  Number of machines: 2

Initialization time: 1

Setup times: 16  8  18  18  21  20  21  5  26  29  35  29  24  9  11  25  15  16  28  14  15  26  16  12  33  16  30  26  30  9  26  8  21  20  28  25  26  21  11  25  15  15  25  17  11  24  29  19  30  26  

Processing times: 51  26  41  33  36  46  57  51  20  54  23  42  35  59  32  26  60  36  48  31  22  54  59  55  21  47  34  20  22  24  36  43  35  57  32  28  27  37  55  47  28  46  46  49  40  20  37  30  60  32  

-------------------------------------------------------------------------------

Number of jobs: 50  Number of machines: 2

Initialization time: 1

Setup times: 34  8  7  18  30  34  20  29  31  5  5  17  11  34  16  33  21  24  5  26  15  32  7  10  22  8  22  35  15  9  21  24  32  29  18  19  20  22  13  23  20  33  19  15  28  17  26  30  30  12  

Processing times: 54  47  33  45  37  43  38  32  49  23  57  47  51  52  44  51  27  31  35  53  38  45  37  22  54  34  32  23  41  46  26  25  24  40  24  51  41  41  31  32  49  31  47  56  55  58  53  33  42  25  

-------------------------------------------------------------------------------

Number of jobs: 50  Number of machines: 2

Initialization time: 1

Setup times: 31  34  16  28  26  20  18  16  5  34  14  28  30  5  35  20  18  11  26  20  29  24  14  24  20  26  18  6  25  21  32  35  13  29  16  18  12  11  19  32  35  32  27  6  34  8  27  6  11  35  

Processing times: 21  34  42  22  30  58  37  32  48  54  43  39  44  24  20  38  21  41  35  36  48  42  37  57  46  52  26  60  51  32  22  31  53  23  57  50  46  23  54  59  55  42  44  50  22  32  20  40  38  43  

-------------------------------------------------------------------------------

Number of jobs: 50  Number of machines: 2

Initialization time: 1

Setup times: 25  25  8  18  17  17  26  32  23  12  9  9  14  12  7  30  31  24  19  30  18  25  28  22  13  19  10  23  17  11  34  19  28  28  25  13  18  12  19  33  13  13  9  12  18  22  17  24  32  29  

Processing times: 46  25  37  21  36  49  55  45  43  43  47  45  52  26  25  44  43  43  34  58  26  54  55  51  51  50  39  20  29  40  33  32  58  45  53  50  38  53  54  23  29  25  30  57  23  44  35  54  53  50  

-------------------------------------------------------------------------------

Number of jobs: 50  Number of machines: 2

Initialization time: 1

Setup times: 10  10  12  7  32  11  31  31  27  30  32  8  28  8  15  23  8  22  5  8  8  17  22  9  19  17  34  35  22  14  23  34  24  11  12  34  9  6  5  27  5  31  34  7  15  22  33  35  25  9  

Processing times: 20  49  54  49  43  25  28  28  50  27  29  24  31  48  53  46  24  46  47  23  51  53  57  25  51  58  54  57  44  46  23  57  33  54  31  55  55  31  24  55  22  26  27  40  35  55  40  26  57  25  

-------------------------------------------------------------------------------

Number of jobs: 50  Number of machines: 2

Initialization time: 1

Setup times: 26  35  16  7  32  14  26  25  19  5  29  32  17  34  13  33  14  31  34  19  21  6  11  32  28  27  7  32  10  22  11  34  28  25  28  26  10  16  35  11  16  23  6  25  8  30  34  8  8  14  

Processing times: 51  56  27  36  36  54  59  42  59  31  40  48  43  35  30  52  44  46  23  38  43  34  31  40  52  26  55  30  53  52  51  42  34  52  29  27  56  44  29  27  45  57  60  35  22  59  24  60  55  43  

-------------------------------------------------------------------------------

Number of jobs: 50  Number of machines: 2

Initialization time: 1

Setup times: 13  11  31  34  16  33  25  12  15  30  28  24  13  13  31  7  8  21  5  12  17  24  21  9  31  9  27  17  26  7  7  34  24  10  17  26  35  30  25  14  27  20  25  7  26  6  17  18  27  12  

Processing times: 50  31  32  55  38  48  33  24  45  23  32  29  32  31  30  23  22  22  26  34  58  56  41  47  25  39  55  57  35  27  53  32  53  32  48  26  36  42  27  37  24  30  21  50  35  31  51  54  54  33  

-------------------------------------------------------------------------------

Number of jobs: 50  Number of machines: 2

Initialization time: 1

Setup times: 13  30  25  30  34  32  29  7  27  19  26  5  12  29  7  9  34  28  16  15  19  18  7  30  26  24  33  34  29  26  21  27  7  18  21  22  34  7  23  25  31  30  32  21  21  15  14  31  17  13  

Processing times: 37  47  57  45  22  45  31  36  34  26  29  45  55  24  60  47  44  31  60  46  56  21  50  40  46  49  56  27  32  37  26  48  60  42  35  52  59  60  22  35  50  51  28  42  50  23  25  30  55  44  

-------------------------------------------------------------------------------

Number of jobs: 50  Number of machines: 2

Initialization time: 1

Setup times: 7  14  23  18  16  25  8  8  6  34  27  5  6  6  32  18  16  31  29  21  34  25  5  5  22  14  27  33  14  5  22  25  5  9  27  7  20  32  8  26  27  35  34  13  5  12  25  5  12  8  

Processing times: 60  43  30  22  38  20  58  22  43  49  44  28  31  36  41  41  33  26  38  45  31  34  38  23  27  44  29  42  28  34  34  41  55  36  38  27  43  56  45  47  34  32  58  34  26  43  42  48  41  32  


