Number of jobs: 50  Number of machines: 2

Initialization time: 1

Setup times: 19  24  11  14  24  25  19  24  33  35  13  24  17  18  32  17  26  19  22  8  26  15  10  5  31  23  28  7  24  33  25  11  10  19  29  15  6  18  10  24  11  16  31  13  35  6  35  32  32  17  

Processing times: 26  18  21  17  23  12  24  18  25  13  17  18  19  22  8  22  22  14  13  12  22  10  15  25  23  5  11  24  24  14  23  6  16  11  21  21  27  18  26  20  11  12  8  22  14  18  21  14  9  18  

-------------------------------------------------------------------------------

Number of jobs: 50  Number of machines: 2

Initialization time: 1

Setup times: 25  26  32  31  30  17  30  15  19  21  8  14  10  8  19  14  12  17  28  25  27  7  9  13  31  14  8  28  19  20  21  14  7  13  7  26  30  31  28  33  32  18  19  23  13  17  14  19  15  30  

Processing times: 27  21  10  22  10  7  21  10  12  26  6  18  20  25  8  14  11  12  7  14  7  6  27  6  23  5  17  13  10  15  12  8  25  18  11  13  14  26  27  19  22  21  8  27  24  21  10  10  10  9  

-------------------------------------------------------------------------------

Number of jobs: 50  Number of machines: 2

Initialization time: 1

Setup times: 18  9  18  25  14  26  30  25  27  10  27  32  12  34  22  15  10  14  15  19  5  22  31  30  7  27  27  21  5  5  8  14  9  11  22  20  9  28  21  19  30  33  7  17  9  14  16  19  28  24  

Processing times: 8  27  22  15  24  19  14  20  27  19  9  9  9  17  19  5  22  6  20  22  14  25  23  10  16  15  25  8  17  5  15  16  6  25  11  6  7  9  14  16  16  23  24  12  13  9  9  14  8  6  

-------------------------------------------------------------------------------

Number of jobs: 50  Number of machines: 2

Initialization time: 1

Setup times: 21  22  26  9  22  26  34  32  12  5  12  7  12  20  22  17  30  32  22  14  18  21  12  30  16  33  13  35  19  17  18  20  33  32  33  19  22  9  24  33  32  11  25  12  34  30  17  20  5  22  

Processing times: 16  23  20  21  10  17  19  12  20  17  18  9  6  9  14  20  10  20  12  25  9  17  15  11  25  24  10  11  13  7  6  9  13  13  9  15  9  14  27  24  27  18  14  18  10  16  17  27  9  5  

-------------------------------------------------------------------------------

Number of jobs: 50  Number of machines: 2

Initialization time: 1

Setup times: 27  21  30  10  15  13  21  31  23  34  12  31  19  28  15  15  12  11  24  5  33  26  5  33  29  12  34  21  14  16  13  10  20  19  27  12  17  21  25  10  34  5  23  28  27  19  23  23  23  34  

Processing times: 17  21  18  6  21  11  9  19  24  5  20  12  21  21  27  23  26  15  6  7  23  14  27  5  14  18  27  23  15  12  23  11  25  16  24  13  25  19  21  7  10  26  23  12  6  5  21  9  14  21  

-------------------------------------------------------------------------------

Number of jobs: 50  Number of machines: 2

Initialization time: 1

Setup times: 11  6  29  8  11  21  6  26  16  12  6  11  33  31  12  13  35  5  33  20  13  8  30  33  15  18  30  19  32  35  10  32  24  28  21  16  6  10  5  15  24  7  11  23  7  32  14  18  30  13  

Processing times: 24  26  8  26  20  23  17  21  25  8  13  20  11  11  17  14  17  17  16  10  27  8  24  9  23  8  7  24  25  11  22  15  5  14  14  6  19  22  9  24  14  10  10  17  27  25  9  20  23  8  

-------------------------------------------------------------------------------

Number of jobs: 50  Number of machines: 2

Initialization time: 1

Setup times: 17  35  6  19  16  13  31  14  16  11  14  5  24  28  6  13  33  26  13  5  23  14  32  19  18  5  5  6  35  7  5  10  13  29  15  15  34  24  29  12  19  11  5  31  23  33  22  18  7  22  

Processing times: 12  21  12  14  26  23  22  14  14  19  23  12  15  11  14  19  23  13  23  24  18  12  22  14  19  5  11  5  7  17  10  24  5  11  27  11  12  15  22  15  9  9  15  17  14  22  21  8  18  24  

-------------------------------------------------------------------------------

Number of jobs: 50  Number of machines: 2

Initialization time: 1

Setup times: 18  25  23  6  22  8  28  23  23  26  25  16  35  16  28  20  9  22  33  30  15  6  17  10  27  10  17  8  31  14  19  7  5  17  21  15  13  6  12  21  6  7  6  35  29  7  20  33  7  23  

Processing times: 22  27  6  21  9  16  26  24  26  5  12  14  12  26  16  11  8  22  14  19  23  20  7  21  5  20  21  11  21  13  22  25  5  14  9  19  10  5  6  8  11  17  16  11  6  20  16  9  8  26  

-------------------------------------------------------------------------------

Number of jobs: 50  Number of machines: 2

Initialization time: 1

Setup times: 19  24  19  19  35  12  30  35  7  20  12  33  33  23  32  34  17  11  35  14  33  26  28  21  12  33  12  32  20  24  30  22  10  13  31  28  7  15  12  6  31  5  29  10  20  11  22  9  15  10  

Processing times: 10  7  21  22  24  13  19  26  13  15  5  22  10  19  7  13  23  26  24  15  22  24  13  21  16  14  12  27  24  7  17  23  18  7  13  12  8  7  16  9  14  24  7  26  19  8  25  16  19  20  

-------------------------------------------------------------------------------

Number of jobs: 50  Number of machines: 2

Initialization time: 1

Setup times: 11  17  9  23  21  8  17  15  5  16  7  28  5  28  7  10  6  18  8  11  22  13  12  26  23  28  5  30  27  21  21  34  34  20  12  6  28  12  21  15  25  20  16  26  15  7  20  8  34  13  

Processing times: 16  12  17  13  11  16  7  8  17  19  26  11  9  11  22  6  27  8  13  15  27  6  10  10  18  26  19  11  13  16  25  24  14  21  27  12  20  8  6  9  9  13  11  16  14  7  21  15  25  8  

-------------------------------------------------------------------------------

Number of jobs: 50  Number of machines: 2

Initialization time: 1

Setup times: 25  13  35  13  13  24  34  33  13  29  23  25  17  27  31  10  10  29  26  6  8  33  7  30  14  9  22  32  19  7  27  20  8  23  10  28  13  23  21  32  19  32  6  35  7  27  20  12  5  31  

Processing times: 17  25  19  22  21  14  9  19  21  5  25  13  10  26  21  7  25  6  22  14  18  25  15  10  6  10  18  27  8  7  14  21  23  10  15  19  14  26  18  25  17  7  24  14  20  15  6  27  19  13  

-------------------------------------------------------------------------------

Number of jobs: 50  Number of machines: 2

Initialization time: 1

Setup times: 34  20  15  5  23  15  35  35  7  28  12  25  5  15  18  24  34  12  34  24  9  24  26  5  22  21  16  34  19  18  24  22  29  8  7  28  19  5  33  35  25  31  9  17  28  17  28  27  30  9  

Processing times: 20  7  11  23  16  12  10  15  14  9  14  22  17  19  27  14  7  9  12  6  9  6  17  24  9  14  12  9  9  8  26  25  15  18  21  5  6  27  13  9  27  18  21  25  6  20  8  24  19  15  

-------------------------------------------------------------------------------

Number of jobs: 50  Number of machines: 2

Initialization time: 1

Setup times: 34  7  17  24  14  27  35  23  29  10  28  32  17  30  22  21  25  18  30  22  31  11  13  26  22  26  25  21  6  5  21  13  7  25  7  29  6  18  11  29  30  26  27  23  7  24  20  6  25  22  

Processing times: 24  8  21  20  6  22  5  7  9  17  20  9  11  7  10  10  17  22  8  11  24  26  16  22  13  25  13  6  23  17  5  20  8  27  19  13  10  19  14  6  23  21  14  19  21  18  5  12  16  23  

-------------------------------------------------------------------------------

Number of jobs: 50  Number of machines: 2

Initialization time: 1

Setup times: 11  14  20  27  8  31  9  32  11  6  35  23  5  6  17  8  8  9  6  35  17  16  13  6  27  33  17  12  34  15  14  8  15  31  17  16  12  28  22  26  20  35  9  21  19  9  26  33  5  12  

Processing times: 27  16  6  13  9  5  16  24  6  20  6  14  19  5  7  25  11  26  24  15  5  17  18  23  13  13  20  12  11  25  11  11  23  19  15  20  18  9  20  8  20  25  14  26  18  24  9  27  27  7  

-------------------------------------------------------------------------------

Number of jobs: 50  Number of machines: 2

Initialization time: 1

Setup times: 14  28  23  17  27  13  12  26  9  27  7  8  22  8  33  18  31  20  24  5  15  28  28  21  25  5  27  26  15  34  31  28  19  6  22  28  15  30  31  21  16  26  7  9  30  20  10  23  28  35  

Processing times: 18  27  20  17  14  13  23  17  8  10  8  21  5  8  11  12  6  25  18  14  6  6  11  12  10  14  13  13  11  19  11  20  15  15  7  16  17  13  23  15  6  6  21  25  12  27  26  6  26  19  

-------------------------------------------------------------------------------

Number of jobs: 50  Number of machines: 2

Initialization time: 1

Setup times: 30  10  32  18  15  5  10  15  5  24  33  14  31  6  35  5  34  19  6  24  11  24  12  35  23  32  5  25  31  10  6  6  13  15  23  17  21  10  35  32  33  5  24  33  32  26  7  8  8  26  

Processing times: 24  5  16  17  14  8  5  20  12  13  17  16  9  24  24  16  13  17  12  25  14  19  11  9  27  22  22  19  25  7  12  7  24  20  23  15  19  15  25  14  8  22  7  17  26  9  6  11  8  10  

-------------------------------------------------------------------------------

Number of jobs: 50  Number of machines: 2

Initialization time: 1

Setup times: 26  9  27  12  21  16  10  18  10  20  24  13  17  34  15  32  16  19  29  24  28  31  11  31  19  22  16  8  24  30  24  27  27  10  13  19  8  11  21  30  21  24  18  24  21  18  16  23  16  26  

Processing times: 22  5  24  12  7  11  18  10  13  15  20  15  19  18  24  26  19  26  26  11  14  23  12  5  22  18  22  22  8  23  18  23  5  21  13  13  9  26  20  19  27  7  21  16  16  10  14  5  24  20  

-------------------------------------------------------------------------------

Number of jobs: 50  Number of machines: 2

Initialization time: 1

Setup times: 17  29  10  8  7  25  15  22  10  24  34  16  9  28  11  27  22  18  34  26  30  20  33  23  14  16  15  34  16  31  34  33  34  34  26  26  19  20  7  6  20  25  17  15  21  14  23  34  31  11  

Processing times: 9  25  19  18  24  24  27  23  26  16  25  25  24  21  17  23  14  21  13  24  15  25  6  11  22  17  21  14  9  22  17  8  8  26  15  26  11  8  7  16  20  6  14  14  11  23  21  16  17  13  

-------------------------------------------------------------------------------

Number of jobs: 50  Number of machines: 2

Initialization time: 1

Setup times: 11  12  10  26  25  12  10  32  13  33  10  20  31  5  32  26  31  10  5  29  25  17  16  23  11  17  33  24  16  34  5  10  35  28  25  5  11  8  21  13  25  23  34  30  31  15  23  32  30  34  

Processing times: 9  26  27  11  26  14  6  20  14  19  13  7  25  12  23  11  18  20  26  8  26  15  13  22  19  20  12  11  22  16  18  14  17  27  18  26  13  20  21  20  17  15  12  19  11  8  26  6  10  8  

-------------------------------------------------------------------------------

Number of jobs: 50  Number of machines: 2

Initialization time: 1

Setup times: 14  5  11  31  28  5  10  5  15  27  5  27  21  18  34  14  22  9  13  23  27  23  20  19  10  16  17  22  5  13  32  15  7  28  14  35  9  33  32  6  29  22  5  19  10  7  6  30  26  11  

Processing times: 15  18  11  27  15  8  17  21  11  7  9  5  14  5  11  8  24  12  10  13  24  13  8  24  20  19  13  18  22  8  21  10  16  21  25  5  26  7  16  23  15  27  18  10  11  20  9  8  12  22  

-------------------------------------------------------------------------------

Number of jobs: 50  Number of machines: 2

Initialization time: 1

Setup times: 30  7  27  35  33  22  19  12  7  33  15  21  31  26  23  28  18  6  24  13  20  5  31  21  31  8  11  12  25  33  6  6  10  28  14  22  5  33  18  33  15  25  11  8  30  13  33  8  11  32  

Processing times: 9  15  8  21  6  22  8  17  13  7  27  14  11  24  22  24  8  27  16  17  11  25  16  24  11  26  27  20  7  19  22  18  12  13  13  10  21  12  17  12  20  13  11  21  15  24  11  9  24  7  

-------------------------------------------------------------------------------

Number of jobs: 50  Number of machines: 2

Initialization time: 1

Setup times: 11  22  26  31  21  12  31  30  7  15  12  11  11  26  21  10  17  35  23  34  14  26  20  11  27  14  22  25  31  7  13  21  32  21  23  11  22  5  16  33  24  22  22  27  21  14  31  14  16  6  

Processing times: 11  25  15  26  7  27  23  5  24  18  11  6  20  24  10  11  16  22  20  26  16  5  20  21  20  19  6  6  25  10  9  15  8  23  20  25  24  19  18  22  10  23  18  14  5  20  12  10  24  16  

-------------------------------------------------------------------------------

Number of jobs: 50  Number of machines: 2

Initialization time: 1

Setup times: 25  29  17  18  14  5  27  23  8  28  10  8  9  8  31  5  14  14  22  31  19  7  12  9  17  35  7  27  28  17  25  35  33  13  7  19  7  35  8  25  19  23  17  10  16  35  6  25  16  18  

Processing times: 6  12  5  21  16  15  12  26  9  20  15  7  15  20  5  8  24  25  13  20  8  12  26  18  12  14  16  22  13  26  24  7  8  17  14  18  25  19  20  8  7  22  13  6  15  18  16  14  11  18  

-------------------------------------------------------------------------------

Number of jobs: 50  Number of machines: 2

Initialization time: 1

Setup times: 32  17  13  13  29  21  30  26  24  12  30  13  25  30  7  28  10  17  33  8  27  12  34  28  28  24  17  29  8  12  8  29  31  5  16  34  25  28  35  8  15  32  12  30  11  24  25  22  21  20  

Processing times: 11  5  15  7  27  22  18  12  26  19  5  15  7  7  6  18  12  7  20  18  23  10  16  18  13  18  15  6  21  9  7  18  22  18  10  18  20  23  24  20  17  14  11  18  19  18  15  21  5  16  

-------------------------------------------------------------------------------

Number of jobs: 50  Number of machines: 2

Initialization time: 1

Setup times: 17  32  25  21  24  17  7  19  20  28  15  8  34  30  18  13  35  10  33  18  19  14  14  27  32  30  32  17  13  18  27  10  16  7  12  27  35  15  34  28  14  14  28  12  7  22  24  14  7  6  

Processing times: 17  25  6  14  14  26  13  15  14  25  18  9  26  24  14  11  24  25  9  25  15  27  21  8  23  21  5  19  13  6  24  12  10  24  6  18  26  19  11  7  15  23  26  27  6  20  22  12  21  11  

-------------------------------------------------------------------------------

Number of jobs: 50  Number of machines: 2

Initialization time: 1

Setup times: 10  10  8  20  6  11  11  31  12  10  16  26  33  24  12  10  26  20  13  5  17  14  29  16  30  23  16  19  16  5  30  26  25  14  31  28  29  10  14  22  19  21  15  9  20  35  10  6  18  21  

Processing times: 24  9  20  20  7  26  12  27  19  9  9  8  7  25  12  16  5  23  6  8  23  13  11  26  6  26  23  14  14  26  12  10  11  6  27  26  25  13  23  14  23  12  16  11  8  6  22  15  18  26  

-------------------------------------------------------------------------------

Number of jobs: 50  Number of machines: 2

Initialization time: 1

Setup times: 25  5  18  10  28  27  29  34  28  34  17  5  9  18  7  20  27  21  10  17  5  7  27  6  6  5  10  26  9  19  5  9  16  6  14  33  9  8  7  10  9  31  31  31  10  30  12  17  31  29  

Processing times: 15  5  13  7  11  24  10  23  19  23  22  7  12  10  13  18  21  8  24  13  11  24  27  9  20  6  17  10  21  10  10  17  26  12  11  5  7  10  12  9  17  10  12  15  9  15  17  9  8  19  

-------------------------------------------------------------------------------

Number of jobs: 50  Number of machines: 2

Initialization time: 1

Setup times: 30  26  28  14  13  34  30  33  32  32  23  29  18  25  22  35  22  27  9  17  34  33  32  26  21  5  16  7  30  33  25  30  35  6  26  34  12  30  6  27  12  15  16  35  31  25  33  6  34  32  

Processing times: 27  17  27  5  11  18  7  25  27  20  14  18  19  14  22  6  17  14  12  5  14  23  23  27  18  23  12  11  22  14  27  19  20  17  25  6  18  16  11  16  12  13  23  27  18  7  27  24  8  26  

-------------------------------------------------------------------------------

Number of jobs: 50  Number of machines: 2

Initialization time: 1

Setup times: 26  25  12  8  16  18  21  19  17  27  24  28  32  5  27  12  25  34  22  32  16  8  14  11  26  6  32  9  8  17  25  27  32  26  33  33  21  26  14  24  18  13  5  18  34  17  13  14  12  12  

Processing times: 22  24  23  13  26  23  25  20  20  12  26  17  6  13  18  22  13  27  21  10  23  6  24  17  13  21  21  9  27  23  5  26  7  21  23  25  8  12  8  27  27  14  22  20  24  8  6  16  16  25  

-------------------------------------------------------------------------------

Number of jobs: 50  Number of machines: 2

Initialization time: 1

Setup times: 10  32  7  5  34  28  10  25  18  14  23  16  14  18  26  27  7  31  14  13  15  20  14  9  27  22  32  27  33  35  12  32  11  33  5  7  6  27  35  10  22  28  9  27  27  21  5  21  26  21  

Processing times: 5  18  5  7  9  24  10  18  12  20  14  6  5  17  8  23  5  13  15  16  9  24  8  10  9  13  21  13  19  16  8  11  21  9  25  23  20  21  22  19  7  21  22  26  9  13  19  25  18  10  

-------------------------------------------------------------------------------

Number of jobs: 50  Number of machines: 2

Initialization time: 1

Setup times: 23  27  34  10  8  30  18  20  26  23  20  10  7  32  33  5  9  25  5  35  26  25  20  21  13  12  29  13  23  14  7  34  12  34  34  17  15  19  21  32  30  8  6  30  28  34  32  12  33  28  

Processing times: 9  9  16  19  19  16  14  10  23  17  9  6  20  21  11  8  5  7  21  11  11  20  17  7  9  5  6  26  9  16  5  9  8  20  20  20  11  27  5  7  16  8  5  19  23  23  13  14  12  24  

-------------------------------------------------------------------------------

Number of jobs: 50  Number of machines: 2

Initialization time: 1

Setup times: 24  24  11  17  7  24  26  7  22  16  31  5  28  7  13  12  8  12  11  16  15  7  21  17  28  34  22  8  27  33  10  17  25  34  14  35  25  32  28  6  17  20  8  9  12  25  31  21  11  29  

Processing times: 10  12  27  5  24  8  16  8  19  17  23  6  13  22  7  25  27  25  18  18  20  11  13  8  22  15  25  10  13  6  23  23  6  13  12  24  14  21  7  25  18  25  19  10  9  23  20  7  20  17  

-------------------------------------------------------------------------------

Number of jobs: 50  Number of machines: 2

Initialization time: 1

Setup times: 11  19  17  31  24  9  11  20  14  28  28  24  7  28  26  32  10  31  33  19  34  8  8  33  23  34  32  27  28  19  10  27  6  27  30  31  29  30  31  32  31  6  12  19  28  32  18  24  12  21  

Processing times: 20  25  20  18  12  21  21  5  12  19  12  13  16  27  24  5  22  11  14  11  21  22  18  8  27  8  12  27  13  13  7  8  19  19  25  18  23  16  27  15  21  8  10  23  24  17  5  15  7  24  

-------------------------------------------------------------------------------

Number of jobs: 50  Number of machines: 2

Initialization time: 1

Setup times: 35  25  21  20  16  7  20  19  29  25  18  33  9  31  26  12  25  9  14  12  29  24  17  19  20  25  30  34  5  32  30  25  7  17  9  13  20  10  17  35  30  18  23  32  28  9  29  30  16  31  

Processing times: 23  19  21  18  16  13  24  16  10  27  14  18  26  9  8  19  27  19  11  20  14  26  27  22  9  27  9  6  15  6  26  25  6  11  12  21  9  10  6  6  6  10  23  9  13  6  23  17  25  5  

-------------------------------------------------------------------------------

Number of jobs: 50  Number of machines: 2

Initialization time: 1

Setup times: 33  8  34  23  10  25  6  8  33  5  24  27  25  34  17  28  26  14  21  12  20  17  26  10  8  26  8  35  24  30  23  20  28  19  6  28  31  6  5  5  15  30  9  30  30  21  30  18  26  17  

Processing times: 10  17  24  6  15  27  22  13  26  20  14  9  20  12  8  17  17  24  25  26  20  26  26  14  8  8  13  17  12  9  13  15  5  8  24  25  5  13  5  17  19  25  22  23  21  12  11  16  5  25  

-------------------------------------------------------------------------------

Number of jobs: 50  Number of machines: 2

Initialization time: 1

Setup times: 16  14  16  7  28  28  17  8  7  19  21  29  6  35  34  28  22  20  12  27  16  16  7  18  32  9  27  16  24  26  32  8  34  12  16  7  15  15  32  32  5  9  35  6  15  12  35  23  33  18  

Processing times: 17  12  20  6  25  7  10  26  26  10  16  13  16  9  7  15  8  18  25  24  17  14  26  5  5  12  19  6  25  11  7  9  7  22  8  12  23  7  9  23  23  23  8  18  11  20  18  20  21  22  

-------------------------------------------------------------------------------

Number of jobs: 50  Number of machines: 2

Initialization time: 1

Setup times: 26  7  33  20  25  9  29  19  7  26  10  13  13  19  20  18  24  33  22  13  27  16  31  14  6  19  13  23  11  29  34  30  7  34  26  13  13  13  14  10  19  22  22  13  32  22  18  18  12  34  

Processing times: 14  18  22  26  20  13  24  15  7  15  6  23  10  12  16  9  22  21  15  7  16  16  17  9  18  25  25  6  27  18  11  10  11  7  16  26  18  8  26  8  27  20  15  5  25  13  16  18  8  12  

-------------------------------------------------------------------------------

Number of jobs: 50  Number of machines: 2

Initialization time: 1

Setup times: 29  16  9  22  19  28  8  28  5  9  25  24  20  19  14  13  35  22  21  24  16  18  12  31  35  27  24  18  6  10  9  34  10  27  8  7  12  7  26  21  30  23  27  23  22  12  29  8  13  21  

Processing times: 20  7  22  18  24  7  24  21  25  22  25  11  10  12  17  19  20  22  21  26  22  26  21  14  9  15  22  7  8  18  24  13  17  6  9  18  25  21  9  10  18  27  26  6  10  7  19  14  6  17  

-------------------------------------------------------------------------------

Number of jobs: 50  Number of machines: 2

Initialization time: 1

Setup times: 34  23  12  7  23  31  17  28  35  32  13  13  18  5  20  19  12  18  15  7  27  23  9  31  21  25  32  29  9  18  11  26  9  5  35  16  28  30  12  20  19  28  16  7  29  5  5  16  22  20  

Processing times: 26  12  23  27  23  5  15  23  19  27  22  10  23  15  24  25  7  18  25  14  27  18  19  26  6  16  11  7  8  16  14  17  23  12  19  10  7  27  25  12  10  6  22  9  23  16  5  12  10  24  

-------------------------------------------------------------------------------

Number of jobs: 50  Number of machines: 2

Initialization time: 1

Setup times: 29  22  10  21  7  15  12  20  32  22  6  35  28  19  13  22  33  13  25  31  11  9  11  31  35  31  24  12  31  11  12  7  32  10  27  32  14  15  14  27  30  17  19  17  27  23  27  5  15  24  

Processing times: 9  19  26  21  10  8  27  14  6  16  13  24  11  24  22  16  25  11  19  20  7  24  25  27  15  12  7  5  23  6  18  19  15  14  21  9  27  8  26  13  16  7  17  12  22  14  15  25  18  27  

-------------------------------------------------------------------------------

Number of jobs: 50  Number of machines: 2

Initialization time: 1

Setup times: 12  27  33  12  23  33  11  9  20  35  6  35  16  35  12  32  9  12  7  19  24  9  9  34  34  11  5  12  8  29  33  24  13  26  12  18  32  9  28  19  10  28  16  28  16  23  23  35  34  34  

Processing times: 26  7  24  14  20  14  21  23  17  23  11  21  24  17  8  12  8  21  17  23  19  11  16  12  7  19  20  12  9  18  25  16  26  9  16  23  14  16  20  27  5  17  17  5  22  16  27  5  7  23  

-------------------------------------------------------------------------------

Number of jobs: 50  Number of machines: 2

Initialization time: 1

Setup times: 20  30  33  32  13  31  12  27  19  17  9  15  20  26  31  30  13  27  16  8  12  35  13  14  5  21  13  31  28  23  11  5  17  28  9  18  8  7  5  5  24  18  31  21  15  25  24  11  33  27  

Processing times: 27  21  13  9  26  15  20  7  16  9  20  21  18  25  24  21  18  13  10  14  23  21  24  19  16  20  25  18  6  26  20  6  17  23  9  24  10  22  10  21  15  14  19  22  15  16  7  7  7  23  

-------------------------------------------------------------------------------

Number of jobs: 50  Number of machines: 2

Initialization time: 1

Setup times: 25  30  11  32  8  31  21  25  16  7  8  24  23  29  12  25  31  12  31  14  32  35  9  9  9  18  28  7  22  5  35  23  21  24  5  30  14  10  35  17  30  32  34  33  13  10  23  26  32  18  

Processing times: 17  27  25  24  22  26  27  13  27  14  23  9  7  14  19  16  11  20  17  16  9  14  27  27  5  7  10  12  11  27  8  6  18  23  11  12  20  13  16  24  17  13  23  13  10  5  23  17  22  19  

-------------------------------------------------------------------------------

Number of jobs: 50  Number of machines: 2

Initialization time: 1

Setup times: 33  21  14  22  35  29  35  17  7  30  29  10  23  34  21  20  7  17  33  10  27  9  9  19  31  35  31  35  21  27  20  12  13  8  34  35  16  14  22  12  11  8  27  31  33  6  29  26  19  24  

Processing times: 19  7  11  5  5  6  24  23  23  20  6  8  18  19  18  27  26  20  19  8  16  18  11  9  20  17  17  15  10  26  25  24  11  22  19  10  24  6  17  5  24  11  14  10  26  14  8  24  14  26  

-------------------------------------------------------------------------------

Number of jobs: 50  Number of machines: 2

Initialization time: 1

Setup times: 26  12  14  9  10  18  21  22  13  19  6  19  16  34  17  25  8  28  7  33  8  28  7  13  5  32  25  18  23  34  23  32  11  17  26  13  6  32  17  22  22  35  16  11  15  7  10  31  19  23  

Processing times: 8  17  7  26  5  25  20  19  10  14  25  12  21  15  14  26  10  16  21  21  24  24  6  11  18  26  13  17  10  8  24  5  27  11  26  14  9  16  16  26  13  23  24  16  15  23  21  11  27  26  

-------------------------------------------------------------------------------

Number of jobs: 50  Number of machines: 2

Initialization time: 1

Setup times: 30  28  33  21  23  16  19  27  9  10  21  15  8  22  10  8  14  10  24  9  13  35  5  6  25  15  15  15  21  33  35  35  7  14  21  32  32  27  18  34  31  22  10  14  28  10  26  25  9  11  

Processing times: 24  25  18  5  12  19  12  18  7  13  21  24  24  5  10  27  25  24  15  25  10  22  11  25  10  15  21  5  14  21  21  26  27  25  17  10  21  11  7  19  23  9  10  14  11  22  16  8  25  26  

-------------------------------------------------------------------------------

Number of jobs: 50  Number of machines: 2

Initialization time: 1

Setup times: 35  23  22  16  31  19  8  24  17  30  18  29  10  16  18  28  26  7  24  31  13  35  10  25  30  27  7  6  20  5  8  34  5  13  9  32  31  16  15  32  28  31  19  8  23  28  23  32  24  25  

Processing times: 5  7  11  21  20  26  15  17  25  8  9  10  25  20  14  9  11  8  5  21  25  24  13  7  10  27  23  18  23  10  6  9  26  11  26  19  20  20  12  7  14  26  10  24  26  9  12  19  18  14  

-------------------------------------------------------------------------------

Number of jobs: 50  Number of machines: 2

Initialization time: 1

Setup times: 24  8  28  15  8  31  21  15  21  15  15  27  18  28  21  21  34  30  34  22  34  30  9  11  30  22  6  27  25  30  18  10  15  16  17  28  34  15  35  35  16  25  25  30  5  28  11  7  10  35  

Processing times: 22  9  10  23  19  16  7  23  18  24  10  21  11  18  14  5  17  9  17  5  18  9  10  12  23  27  10  20  24  23  20  24  16  25  17  22  16  21  19  15  5  14  27  12  14  22  17  20  15  23  

-------------------------------------------------------------------------------

Number of jobs: 50  Number of machines: 2

Initialization time: 1

Setup times: 7  30  5  8  24  11  34  16  31  17  30  22  9  7  15  29  31  13  15  23  19  32  33  18  17  24  35  25  17  9  35  6  28  29  33  5  25  34  31  24  10  13  21  10  33  20  28  8  5  19  

Processing times: 25  7  5  21  19  10  22  24  25  17  12  27  27  8  16  7  18  17  26  21  17  7  18  5  6  16  22  12  25  24  20  21  6  25  19  6  25  18  27  18  5  16  25  11  14  24  19  18  15  13  

-------------------------------------------------------------------------------

Number of jobs: 50  Number of machines: 2

Initialization time: 1

Setup times: 16  7  7  12  16  19  18  5  9  27  22  19  32  18  21  24  28  23  17  31  33  24  27  32  15  32  29  18  8  33  18  29  15  15  35  8  27  9  31  6  15  17  11  23  33  21  31  30  16  15  

Processing times: 24  20  7  19  13  17  17  16  17  24  18  11  25  16  16  8  26  7  25  17  10  15  16  10  22  13  7  14  20  8  12  27  5  6  20  6  21  5  11  25  18  24  19  22  7  20  13  10  10  25  


