Number of jobs: 50  Number of machines: 2

Initialization time: 1

Setup times: 29  10  23  15  14  21  21  11  7  22  9  14  26  5  18  34  22  22  10  15  34  27  17  17  33  17  23  8  16  19  20  7  21  19  21  24  7  15  21  6  29  7  22  15  33  19  27  12  11  19  

Processing times: 11  27  15  28  21  12  18  25  29  27  23  27  35  21  12  33  26  11  17  38  16  32  36  15  40  31  15  13  25  33  24  39  37  33  25  34  14  26  14  17  40  39  37  22  20  36  33  23  35  11  

-------------------------------------------------------------------------------

Number of jobs: 50  Number of machines: 2

Initialization time: 1

Setup times: 5  19  9  32  27  19  19  30  25  29  32  28  13  26  20  6  35  31  34  30  5  30  10  26  5  35  17  30  17  29  19  24  14  19  11  19  32  29  7  19  22  16  19  16  15  27  14  14  30  18  

Processing times: 41  28  20  37  29  28  35  22  27  23  15  21  23  28  30  21  39  32  16  15  17  23  37  31  17  24  40  40  35  34  28  32  36  39  34  12  15  15  23  13  23  39  41  29  31  14  19  27  30  35  

-------------------------------------------------------------------------------

Number of jobs: 50  Number of machines: 2

Initialization time: 1

Setup times: 10  8  12  20  28  18  28  19  28  18  19  12  16  8  10  33  7  28  28  21  7  20  12  14  14  31  32  19  7  15  33  25  11  20  6  9  24  13  10  19  10  28  11  35  11  23  24  9  8  16  

Processing times: 33  24  18  25  15  13  28  29  22  37  21  20  13  37  23  37  29  18  36  41  33  34  20  33  18  15  38  16  30  17  24  28  32  25  28  36  37  37  11  23  37  32  26  17  14  14  33  14  19  18  

-------------------------------------------------------------------------------

Number of jobs: 50  Number of machines: 2

Initialization time: 1

Setup times: 9  35  18  32  32  6  14  10  22  24  14  32  11  26  23  32  12  14  33  22  17  26  11  17  5  25  17  7  5  26  10  15  16  20  8  19  26  23  21  21  18  29  28  24  7  29  18  26  21  13  

Processing times: 23  11  29  28  11  17  35  33  22  37  38  37  19  20  20  34  30  22  12  38  20  37  16  17  37  14  26  18  19  32  40  12  21  16  16  14  15  16  38  18  37  25  12  24  39  26  19  32  21  17  

-------------------------------------------------------------------------------

Number of jobs: 50  Number of machines: 2

Initialization time: 1

Setup times: 11  6  21  10  5  17  14  8  29  30  33  5  5  26  31  23  12  22  5  8  32  8  30  19  15  21  19  16  10  22  32  12  30  8  28  6  15  18  31  13  8  35  25  15  21  18  17  33  33  13  

Processing times: 25  35  35  15  17  23  36  36  37  28  37  37  27  18  25  18  19  31  14  17  38  39  17  31  13  14  32  27  13  33  25  31  39  35  15  38  22  27  12  28  40  23  38  36  23  32  18  23  21  31  

-------------------------------------------------------------------------------

Number of jobs: 50  Number of machines: 2

Initialization time: 1

Setup times: 21  17  9  28  25  21  11  32  7  30  16  31  20  8  25  29  33  27  9  5  25  21  15  30  17  22  29  27  25  29  35  15  27  31  11  18  31  14  32  8  13  31  19  35  20  10  29  22  20  30  

Processing times: 39  13  39  34  17  25  39  18  16  32  19  16  28  15  18  13  14  35  25  30  27  23  26  11  14  37  34  19  18  17  16  20  40  32  33  28  28  39  13  33  31  25  36  30  39  37  14  31  13  23  

-------------------------------------------------------------------------------

Number of jobs: 50  Number of machines: 2

Initialization time: 1

Setup times: 30  24  6  29  23  24  25  17  19  33  19  30  6  8  14  11  33  18  31  33  31  9  8  11  34  26  26  14  16  7  15  31  12  19  9  31  27  8  31  33  16  25  11  16  27  33  7  12  18  35  

Processing times: 27  36  16  35  30  13  14  40  27  14  40  14  15  12  17  30  15  38  22  17  35  21  35  12  32  20  29  31  37  27  26  33  18  23  32  26  27  19  15  24  30  32  36  19  36  22  33  26  24  37  

-------------------------------------------------------------------------------

Number of jobs: 50  Number of machines: 2

Initialization time: 1

Setup times: 10  26  27  26  25  9  32  21  23  26  19  27  20  18  26  13  12  20  30  13  29  30  23  13  15  8  29  18  16  27  11  21  14  24  19  6  11  29  30  14  35  6  19  10  16  13  18  27  24  8  

Processing times: 17  21  15  26  23  39  29  20  37  28  11  33  21  27  32  28  24  27  19  28  24  31  11  38  29  18  26  16  29  27  37  21  34  35  26  19  35  39  27  30  33  18  14  40  11  31  27  40  34  28  

-------------------------------------------------------------------------------

Number of jobs: 50  Number of machines: 2

Initialization time: 1

Setup times: 13  16  10  29  19  21  28  18  6  19  25  24  27  21  13  8  5  12  18  6  34  20  23  9  10  10  7  5  31  10  15  34  8  16  8  26  28  10  30  21  32  7  30  16  21  17  5  26  7  31  

Processing times: 30  38  22  36  12  20  12  40  16  18  27  15  30  14  23  13  23  34  29  37  12  27  13  11  25  17  20  38  37  29  34  25  24  16  25  24  19  40  39  19  41  29  41  15  28  32  40  14  20  14  

-------------------------------------------------------------------------------

Number of jobs: 50  Number of machines: 2

Initialization time: 1

Setup times: 19  14  17  21  27  25  34  13  26  26  26  10  16  34  11  18  18  20  34  13  32  31  22  30  10  31  9  17  15  34  32  18  18  21  28  22  14  26  24  22  22  14  28  12  14  26  20  30  15  11  

Processing times: 21  21  27  19  12  22  20  25  35  29  19  35  29  41  17  13  30  39  25  34  30  30  32  23  34  20  40  16  21  16  22  11  34  31  28  37  38  41  27  24  15  23  18  22  33  34  31  20  29  12  

-------------------------------------------------------------------------------

Number of jobs: 50  Number of machines: 2

Initialization time: 1

Setup times: 22  34  9  19  11  12  14  28  33  28  10  27  18  26  11  6  9  20  32  14  8  8  9  14  34  15  27  21  10  30  12  21  34  24  34  35  6  20  26  31  18  21  25  19  19  11  32  23  20  25  

Processing times: 36  26  13  26  16  22  16  22  15  37  30  37  28  17  33  30  37  26  26  30  16  39  29  16  35  23  37  13  26  23  38  12  34  16  31  22  15  35  41  36  40  26  41  35  40  12  30  33  19  22  

-------------------------------------------------------------------------------

Number of jobs: 50  Number of machines: 2

Initialization time: 1

Setup times: 30  20  27  15  35  29  25  35  29  5  7  9  25  16  32  25  14  32  27  9  34  5  25  32  13  27  6  35  31  27  14  21  8  11  5  29  23  18  25  21  30  22  27  22  21  18  22  14  26  27  

Processing times: 15  26  29  13  23  39  38  21  33  24  15  22  28  37  31  14  11  30  38  29  28  24  39  26  23  32  20  38  18  17  40  29  37  33  23  33  36  27  34  32  13  35  24  17  13  37  19  33  21  23  

-------------------------------------------------------------------------------

Number of jobs: 50  Number of machines: 2

Initialization time: 1

Setup times: 19  26  11  24  5  13  17  24  11  28  8  30  17  10  15  8  6  17  20  32  27  31  33  29  21  24  14  13  10  35  20  17  20  26  19  25  9  7  11  13  29  32  21  20  28  21  35  10  19  14  

Processing times: 29  20  36  36  29  14  19  22  23  22  39  19  41  34  15  24  27  22  40  22  19  33  22  35  23  19  27  27  22  17  11  11  39  25  11  31  34  19  34  25  16  15  33  12  34  15  23  13  14  15  

-------------------------------------------------------------------------------

Number of jobs: 50  Number of machines: 2

Initialization time: 1

Setup times: 18  19  31  18  26  15  9  18  35  13  35  8  16  16  16  13  9  22  8  21  10  24  12  29  22  21  34  25  26  20  13  33  8  19  10  27  34  23  9  23  19  30  5  13  9  24  14  31  8  13  

Processing times: 32  29  39  15  25  38  22  22  38  26  33  39  22  32  27  32  20  22  30  40  32  14  31  40  31  36  26  19  30  13  39  41  30  30  30  41  18  16  40  19  14  19  20  15  30  26  41  36  21  19  

-------------------------------------------------------------------------------

Number of jobs: 50  Number of machines: 2

Initialization time: 1

Setup times: 34  7  7  23  28  18  21  22  21  12  24  17  26  26  31  10  12  27  30  32  30  13  9  24  20  10  9  18  18  11  12  8  34  6  14  26  21  25  22  25  34  5  22  19  27  11  34  27  13  31  

Processing times: 28  16  35  32  20  22  28  16  24  14  20  22  41  35  30  29  34  19  34  17  34  16  18  35  30  28  32  31  11  36  25  39  37  25  24  12  15  17  27  38  27  35  41  30  16  20  14  36  12  40  

-------------------------------------------------------------------------------

Number of jobs: 50  Number of machines: 2

Initialization time: 1

Setup times: 19  19  5  26  35  16  7  34  25  16  33  8  31  14  13  20  16  17  23  9  8  16  9  14  27  10  18  14  33  28  11  7  35  27  14  27  28  24  6  13  34  15  15  28  18  25  26  32  10  16  

Processing times: 22  34  20  37  38  35  18  34  36  12  11  31  37  20  22  36  16  13  11  14  40  15  26  18  26  36  20  24  39  37  22  24  33  41  40  18  33  27  27  34  20  15  14  34  35  35  19  19  41  38  

-------------------------------------------------------------------------------

Number of jobs: 50  Number of machines: 2

Initialization time: 1

Setup times: 15  18  13  11  20  19  23  17  35  31  5  27  14  17  22  27  10  26  6  32  10  16  14  20  14  5  6  30  35  23  24  29  24  5  34  30  34  32  34  8  11  10  22  22  7  7  22  26  23  7  

Processing times: 35  19  30  31  19  28  15  37  32  17  14  24  37  27  18  35  35  39  22  18  30  25  33  12  33  13  20  12  37  27  31  12  22  37  11  36  31  19  40  32  31  30  39  24  26  11  16  35  16  16  

-------------------------------------------------------------------------------

Number of jobs: 50  Number of machines: 2

Initialization time: 1

Setup times: 9  14  7  22  17  21  31  33  21  34  9  25  29  34  20  31  32  21  34  32  33  32  14  30  16  27  20  27  25  16  11  28  12  24  17  7  33  19  22  27  27  12  14  35  17  15  35  6  16  13  

Processing times: 40  18  21  18  16  31  26  22  20  22  19  33  16  27  12  16  19  35  22  19  18  35  28  13  15  22  22  25  38  37  15  26  23  17  39  31  28  36  23  14  30  18  15  39  28  31  41  35  21  23  

-------------------------------------------------------------------------------

Number of jobs: 50  Number of machines: 2

Initialization time: 1

Setup times: 28  21  29  23  27  17  6  13  20  15  29  27  30  17  12  14  26  18  5  5  20  20  31  34  12  11  8  14  27  5  19  21  34  6  16  33  25  23  25  26  25  21  20  16  33  17  11  17  35  13  

Processing times: 17  27  19  39  33  19  27  31  23  28  29  21  24  11  41  26  11  20  19  32  18  14  27  37  21  29  26  11  23  30  17  38  16  40  25  29  37  14  12  11  41  29  21  18  16  38  26  19  32  21  

-------------------------------------------------------------------------------

Number of jobs: 50  Number of machines: 2

Initialization time: 1

Setup times: 23  17  31  21  26  13  23  26  23  8  35  31  18  21  9  20  15  28  28  5  18  13  33  29  26  21  14  7  9  7  7  28  5  6  22  19  24  35  33  26  27  6  15  28  8  8  32  35  27  6  

Processing times: 39  36  24  24  38  18  24  16  17  21  19  26  19  12  37  41  26  12  39  26  36  27  27  23  17  27  16  16  31  39  18  35  32  14  33  27  38  18  11  34  30  17  19  33  32  16  34  39  31  23  

-------------------------------------------------------------------------------

Number of jobs: 50  Number of machines: 2

Initialization time: 1

Setup times: 26  35  18  22  15  10  35  15  12  11  12  30  18  33  31  32  29  20  8  17  19  35  21  13  8  9  18  6  5  17  18  6  11  34  10  11  28  32  30  12  23  13  27  25  20  11  25  34  8  6  

Processing times: 27  28  28  32  32  33  21  30  15  30  18  12  20  36  40  28  33  25  24  39  19  36  11  36  31  29  36  30  12  15  25  15  18  16  18  38  24  29  21  39  15  40  32  28  31  34  39  38  16  14  

-------------------------------------------------------------------------------

Number of jobs: 50  Number of machines: 2

Initialization time: 1

Setup times: 12  35  21  34  14  31  6  33  28  34  18  10  20  29  15  28  8  5  18  22  28  11  21  13  18  21  26  17  7  31  24  31  8  16  12  17  15  25  21  10  7  31  29  6  19  6  21  7  5  5  

Processing times: 39  13  30  27  18  13  26  31  12  31  34  30  37  36  26  18  29  26  29  40  32  35  30  18  29  16  30  35  16  29  30  19  24  24  20  41  37  23  27  25  29  16  17  15  15  23  12  39  19  22  

-------------------------------------------------------------------------------

Number of jobs: 50  Number of machines: 2

Initialization time: 1

Setup times: 5  23  14  30  18  21  6  33  20  31  16  23  18  5  7  23  12  30  20  5  22  21  24  19  30  6  12  33  6  23  23  14  23  22  28  14  33  20  29  6  35  28  31  23  32  29  15  33  33  6  

Processing times: 34  31  30  24  25  11  38  23  21  24  19  14  14  20  28  40  19  18  31  36  41  30  24  23  28  13  36  25  39  39  40  16  18  22  20  15  33  24  16  18  32  15  13  28  35  32  35  16  39  33  

-------------------------------------------------------------------------------

Number of jobs: 50  Number of machines: 2

Initialization time: 1

Setup times: 15  25  34  7  13  20  24  11  31  20  11  17  25  35  6  28  32  11  29  19  12  25  29  21  18  20  35  20  7  15  21  11  6  35  20  29  34  8  14  15  14  35  26  22  8  27  29  18  16  28  

Processing times: 40  17  30  25  24  41  24  22  41  19  27  11  24  26  26  25  40  23  33  18  11  33  17  13  19  16  26  40  18  20  19  18  24  22  29  24  39  25  21  41  31  16  18  34  22  23  33  19  25  24  

-------------------------------------------------------------------------------

Number of jobs: 50  Number of machines: 2

Initialization time: 1

Setup times: 28  23  29  22  24  6  13  28  34  22  34  17  13  10  26  34  17  27  13  23  35  33  30  21  8  25  12  7  13  11  16  14  22  8  32  5  26  27  21  33  13  34  30  34  22  30  34  10  21  13  

Processing times: 26  12  12  37  13  24  14  19  35  33  16  41  14  21  39  36  32  28  27  34  14  40  39  19  31  31  13  12  17  25  17  23  38  21  14  17  24  15  16  35  35  37  35  24  24  19  18  41  26  13  

-------------------------------------------------------------------------------

Number of jobs: 50  Number of machines: 2

Initialization time: 1

Setup times: 18  13  9  32  21  35  34  12  14  27  11  11  27  23  21  20  12  24  17  14  12  23  32  28  7  33  23  22  31  9  18  32  21  9  18  26  33  5  17  5  15  8  13  5  25  21  15  16  23  25  

Processing times: 31  28  40  25  37  13  22  29  23  40  13  25  28  22  17  40  38  13  41  21  23  32  14  31  35  11  30  35  14  13  36  19  18  24  34  20  41  25  18  28  13  16  34  35  25  13  31  38  32  19  

-------------------------------------------------------------------------------

Number of jobs: 50  Number of machines: 2

Initialization time: 1

Setup times: 13  34  28  5  33  6  10  22  24  23  18  28  34  20  17  22  29  11  17  20  16  32  26  15  16  28  23  11  6  11  22  16  34  34  20  22  27  6  28  7  16  32  12  19  27  6  13  11  8  29  

Processing times: 33  35  14  13  26  18  14  12  15  32  39  15  34  25  41  35  34  14  35  18  17  40  31  30  23  35  27  12  36  35  19  11  20  26  30  20  38  20  40  26  12  23  18  22  39  11  39  21  18  16  

-------------------------------------------------------------------------------

Number of jobs: 50  Number of machines: 2

Initialization time: 1

Setup times: 23  16  27  35  15  7  33  28  22  34  7  19  22  34  22  8  13  31  7  11  21  31  13  7  10  33  19  8  11  31  8  12  9  11  8  20  25  16  24  27  30  5  27  28  15  12  29  27  21  7  

Processing times: 17  23  24  15  13  20  22  33  15  21  29  18  38  41  22  34  24  16  29  15  22  35  39  28  24  27  15  22  12  28  41  12  19  28  36  39  29  30  33  11  11  29  11  18  24  26  11  15  20  23  

-------------------------------------------------------------------------------

Number of jobs: 50  Number of machines: 2

Initialization time: 1

Setup times: 15  34  19  29  33  22  28  21  15  6  18  31  5  28  10  26  17  32  31  8  13  20  34  16  31  10  20  22  12  12  24  29  11  29  7  24  8  8  21  5  17  28  14  12  6  23  5  14  32  16  

Processing times: 36  30  11  11  41  18  24  19  15  29  21  26  31  24  37  30  24  12  20  29  30  30  22  33  30  37  41  28  15  33  20  29  39  35  28  13  23  24  25  28  40  36  31  18  13  32  38  17  24  16  

-------------------------------------------------------------------------------

Number of jobs: 50  Number of machines: 2

Initialization time: 1

Setup times: 15  24  35  34  35  23  14  17  22  29  7  19  29  16  12  21  33  33  34  13  23  11  23  22  12  15  7  11  29  21  26  30  7  27  17  6  10  21  5  14  34  32  29  28  31  10  6  19  19  10  

Processing times: 19  32  31  22  41  39  28  39  35  22  28  32  26  29  13  17  13  38  25  41  39  11  38  31  21  32  15  35  16  31  27  37  27  33  33  28  14  20  11  11  32  28  26  36  41  39  15  18  41  35  

-------------------------------------------------------------------------------

Number of jobs: 50  Number of machines: 2

Initialization time: 1

Setup times: 20  23  16  27  20  31  27  21  35  18  35  14  20  7  31  15  10  20  15  23  25  23  15  8  7  11  20  22  5  23  13  26  10  16  6  7  20  8  7  22  30  32  5  10  8  8  6  15  33  29  

Processing times: 17  40  40  34  17  38  16  41  39  19  28  18  25  38  14  25  17  14  33  21  17  19  14  11  31  36  32  38  26  34  34  36  20  28  26  28  16  24  36  15  22  15  36  31  38  12  18  19  23  33  

-------------------------------------------------------------------------------

Number of jobs: 50  Number of machines: 2

Initialization time: 1

Setup times: 31  18  26  31  6  31  8  13  5  17  28  35  23  31  10  27  13  22  28  9  25  24  11  13  10  10  6  34  25  29  17  9  18  14  33  21  17  18  8  21  19  17  19  15  19  16  32  25  17  13  

Processing times: 12  19  23  40  14  24  19  34  11  23  27  40  28  24  36  18  16  37  29  17  41  29  38  19  23  23  14  27  21  16  13  35  16  40  13  16  29  21  20  24  16  34  19  34  34  28  11  24  14  29  

-------------------------------------------------------------------------------

Number of jobs: 50  Number of machines: 2

Initialization time: 1

Setup times: 9  25  7  34  30  13  27  24  24  25  7  21  19  12  16  27  14  18  16  26  35  9  5  27  28  24  13  21  34  6  23  13  14  26  10  9  10  11  16  21  19  7  13  19  25  10  23  18  30  17  

Processing times: 35  12  19  16  13  18  40  32  25  12  36  16  40  38  41  15  34  28  23  26  41  30  24  17  33  20  38  12  28  39  33  28  32  13  31  32  11  36  36  32  16  35  26  38  26  34  27  14  24  12  

-------------------------------------------------------------------------------

Number of jobs: 50  Number of machines: 2

Initialization time: 1

Setup times: 30  11  11  35  32  19  34  34  35  15  34  24  17  9  16  5  26  28  12  29  34  28  26  19  23  6  27  34  17  14  18  27  29  11  25  18  13  19  14  29  23  19  17  12  19  31  28  29  8  21  

Processing times: 21  28  31  12  14  17  32  31  35  39  31  31  26  17  19  34  21  22  23  32  35  21  38  11  25  22  35  12  26  22  26  29  19  32  38  19  33  41  14  24  36  30  25  25  16  22  11  24  33  40  

-------------------------------------------------------------------------------

Number of jobs: 50  Number of machines: 2

Initialization time: 1

Setup times: 24  33  31  20  16  16  32  10  19  29  12  10  12  7  7  11  26  19  12  35  7  25  15  33  21  25  14  22  27  35  20  30  21  8  5  32  22  32  32  23  26  13  26  9  33  28  24  28  35  29  

Processing times: 26  21  27  27  39  23  24  12  23  40  20  27  37  33  11  40  31  33  33  23  32  15  41  18  24  11  20  21  41  20  17  12  40  26  33  18  36  26  28  39  40  22  36  31  14  16  27  11  30  31  

-------------------------------------------------------------------------------

Number of jobs: 50  Number of machines: 2

Initialization time: 1

Setup times: 18  31  19  32  26  16  8  20  26  17  9  18  22  19  25  13  7  13  14  5  13  5  9  21  22  29  6  14  13  27  21  35  19  21  8  28  32  18  35  34  24  19  32  16  15  32  29  20  33  14  

Processing times: 41  14  36  41  38  37  18  38  17  15  37  35  27  27  37  27  21  36  23  19  15  17  34  34  19  13  30  34  19  22  24  22  32  33  32  36  40  14  23  32  11  23  12  24  29  19  24  23  17  41  

-------------------------------------------------------------------------------

Number of jobs: 50  Number of machines: 2

Initialization time: 1

Setup times: 21  8  18  28  5  27  24  11  21  23  12  5  15  23  13  32  17  24  19  24  23  8  22  35  30  7  31  27  35  11  16  5  9  14  29  35  6  18  26  20  21  7  16  13  27  29  26  10  18  18  

Processing times: 32  41  35  11  23  30  25  30  23  39  25  31  29  24  40  32  28  31  37  29  14  29  29  39  34  24  27  11  28  13  23  13  28  30  12  16  25  32  17  19  24  22  18  34  35  40  19  33  27  21  

-------------------------------------------------------------------------------

Number of jobs: 50  Number of machines: 2

Initialization time: 1

Setup times: 30  18  28  6  7  27  22  22  17  6  31  13  19  10  30  35  33  31  29  26  28  17  25  30  11  25  9  5  31  12  29  11  6  30  18  27  25  19  12  19  19  18  27  33  34  20  9  19  21  12  

Processing times: 33  35  36  19  37  34  40  30  41  34  15  32  34  41  24  38  11  20  28  34  36  21  32  31  23  15  11  35  14  39  12  16  28  16  17  24  17  41  37  29  31  37  32  15  35  28  11  15  23  23  

-------------------------------------------------------------------------------

Number of jobs: 50  Number of machines: 2

Initialization time: 1

Setup times: 31  14  5  11  28  21  31  34  20  8  16  11  19  14  29  28  25  19  25  17  7  5  16  17  30  31  11  5  27  10  14  6  24  20  22  15  6  7  32  13  17  14  13  31  28  28  33  10  35  11  

Processing times: 40  12  13  34  36  21  39  25  38  29  33  22  17  29  41  19  33  40  29  25  17  13  21  16  30  26  30  36  37  30  40  38  12  38  16  26  34  21  29  19  15  14  13  32  36  30  37  24  19  33  

-------------------------------------------------------------------------------

Number of jobs: 50  Number of machines: 2

Initialization time: 1

Setup times: 16  19  8  35  33  8  8  15  16  23  9  18  27  16  8  30  6  35  20  5  18  7  24  18  13  20  15  30  35  9  28  21  28  8  13  31  10  22  17  6  23  12  28  16  6  21  12  27  29  18  

Processing times: 14  38  14  41  25  28  39  33  34  30  26  18  16  36  23  35  20  24  37  24  11  29  20  11  12  27  16  30  23  12  41  24  28  37  20  32  12  34  15  17  19  18  39  14  26  36  36  32  26  30  

-------------------------------------------------------------------------------

Number of jobs: 50  Number of machines: 2

Initialization time: 1

Setup times: 6  9  21  25  29  22  21  14  31  15  24  31  13  26  19  12  9  5  32  12  7  17  12  6  32  26  33  28  29  30  13  6  9  13  28  11  10  18  24  21  26  19  8  26  33  15  7  19  13  31  

Processing times: 26  37  31  22  22  34  40  41  20  41  18  32  21  24  31  20  33  30  41  38  21  22  23  15  26  12  33  39  30  20  19  28  11  29  30  19  19  37  16  24  41  23  19  34  38  31  18  20  39  29  

-------------------------------------------------------------------------------

Number of jobs: 50  Number of machines: 2

Initialization time: 1

Setup times: 32  24  22  33  28  17  28  10  24  33  20  15  15  34  18  9  10  23  25  18  26  6  32  20  17  12  22  26  5  28  21  23  13  31  29  23  30  31  30  14  8  14  27  24  12  19  22  25  8  27  

Processing times: 11  25  30  19  14  36  19  27  40  13  40  12  29  20  41  32  34  37  19  28  38  27  29  32  33  38  15  32  33  29  38  13  16  41  14  34  16  38  27  13  38  11  18  40  39  21  38  29  21  17  

-------------------------------------------------------------------------------

Number of jobs: 50  Number of machines: 2

Initialization time: 1

Setup times: 27  11  19  13  31  5  10  5  28  22  6  23  25  8  20  30  35  8  24  19  5  6  13  33  17  28  22  12  16  10  24  20  14  13  26  5  16  35  20  17  14  30  27  29  15  25  18  28  5  29  

Processing times: 29  14  29  34  24  24  18  21  11  13  34  30  37  29  35  27  23  29  27  21  36  15  16  13  23  14  16  24  31  25  27  40  12  21  13  14  21  36  36  24  13  30  24  34  23  20  34  13  30  16  

-------------------------------------------------------------------------------

Number of jobs: 50  Number of machines: 2

Initialization time: 1

Setup times: 9  35  23  10  22  29  29  34  16  9  6  29  6  19  35  23  8  6  18  6  5  25  31  21  21  17  21  16  29  28  25  29  12  9  25  35  6  12  25  23  13  11  16  21  32  13  7  6  16  23  

Processing times: 26  25  27  39  26  35  13  16  11  37  32  34  20  22  12  40  16  34  28  36  30  31  14  31  18  13  35  28  20  37  13  13  17  13  28  23  13  32  27  16  31  20  18  23  28  32  14  22  19  25  

-------------------------------------------------------------------------------

Number of jobs: 50  Number of machines: 2

Initialization time: 1

Setup times: 5  34  5  35  20  31  24  21  8  33  14  22  19  10  31  33  28  26  24  25  23  13  23  19  8  22  21  11  33  17  21  29  19  23  8  32  6  8  22  12  33  29  16  13  27  22  20  23  5  11  

Processing times: 16  26  13  19  13  24  17  37  17  36  13  21  22  26  13  12  20  41  36  26  12  20  12  13  18  13  13  34  18  13  12  36  18  14  36  25  12  28  40  24  25  37  39  13  28  24  13  14  23  35  

-------------------------------------------------------------------------------

Number of jobs: 50  Number of machines: 2

Initialization time: 1

Setup times: 21  14  8  21  31  17  20  28  9  19  34  13  6  13  13  5  13  15  6  11  33  15  33  10  11  28  11  25  11  14  26  24  34  28  14  24  14  29  5  28  27  5  16  27  24  27  17  20  20  25  

Processing times: 27  21  18  12  23  15  28  19  14  31  38  24  36  29  36  25  14  39  23  25  20  26  41  40  11  33  15  33  20  36  21  27  27  20  34  23  18  21  21  17  33  18  38  27  14  18  34  27  34  30  

-------------------------------------------------------------------------------

Number of jobs: 50  Number of machines: 2

Initialization time: 1

Setup times: 16  13  22  20  22  30  9  19  8  31  28  32  7  12  19  17  6  20  27  16  24  11  24  10  15  34  9  8  35  21  6  6  6  20  23  10  32  27  18  10  25  17  35  9  15  20  10  22  26  18  

Processing times: 34  28  22  13  19  34  27  27  30  31  40  30  14  26  16  23  28  11  26  35  32  13  25  18  12  12  22  24  40  23  41  11  12  11  17  26  36  40  17  30  34  19  32  13  19  40  16  30  17  13  

-------------------------------------------------------------------------------

Number of jobs: 50  Number of machines: 2

Initialization time: 1

Setup times: 11  14  32  13  14  23  20  17  20  5  34  16  20  16  9  31  18  17  6  25  29  7  25  23  6  28  7  31  7  23  14  25  5  14  18  7  12  13  31  7  11  19  35  25  28  17  7  24  35  22  

Processing times: 39  16  14  29  28  20  15  15  24  19  27  13  17  23  34  41  19  24  16  37  41  25  31  35  11  21  39  11  34  20  34  20  14  16  39  26  37  33  28  40  16  30  27  24  40  22  35  38  22  27  

-------------------------------------------------------------------------------

Number of jobs: 50  Number of machines: 2

Initialization time: 1

Setup times: 35  16  16  5  15  33  31  16  23  11  23  22  32  24  8  32  33  5  12  6  21  24  9  9  28  18  35  35  21  26  21  26  5  19  5  21  34  31  9  17  28  7  12  26  25  34  12  35  5  24  

Processing times: 39  24  25  21  15  23  12  12  34  26  19  21  30  12  25  14  35  20  24  21  33  21  36  40  27  32  15  41  12  34  22  22  25  34  17  29  14  41  23  22  35  33  33  30  30  14  39  24  17  34  

-------------------------------------------------------------------------------

Number of jobs: 50  Number of machines: 2

Initialization time: 1

Setup times: 9  17  9  27  26  16  32  28  16  10  17  13  29  19  23  31  31  34  20  17  9  11  11  7  20  21  12  6  20  11  13  12  21  30  30  33  8  22  34  34  28  26  8  27  25  23  10  28  7  21  

Processing times: 24  30  38  23  28  12  41  37  38  31  39  14  31  28  12  31  14  31  22  24  35  18  14  39  32  36  30  37  34  11  34  32  28  21  26  28  26  40  32  27  27  32  16  22  17  28  32  12  16  26  


