Number of jobs: 50  Number of machines: 2

Initialization time: 1

Setup times: 19  24  31  33  14  25  22  15  14  16  6  30  6  5  16  18  14  11  32  17  32  6  15  35  10  8  26  20  9  5  21  14  20  16  6  8  28  32  9  24  28  22  35  28  16  28  18  17  12  13  

Processing times: 50  62  57  41  57  62  67  63  68  65  62  47  45  53  58  52  54  42  40  36  59  67  59  41  50  57  47  69  65  61  65  44  66  42  39  53  66  63  64  41  43  60  44  52  42  45  50  49  38  39  

-------------------------------------------------------------------------------

Number of jobs: 50  Number of machines: 2

Initialization time: 1

Setup times: 18  19  7  7  5  19  26  11  19  17  19  30  34  6  18  31  7  16  19  22  24  19  34  17  25  13  11  31  8  19  21  17  20  7  32  34  17  32  18  18  17  31  33  33  24  28  11  9  30  26  

Processing times: 38  42  36  66  41  57  53  39  57  57  66  57  50  41  42  58  51  62  52  45  69  55  60  68  56  61  68  43  55  42  38  58  48  39  51  70  40  48  56  62  44  53  51  49  58  69  43  50  43  64  

-------------------------------------------------------------------------------

Number of jobs: 50  Number of machines: 2

Initialization time: 1

Setup times: 20  20  13  16  27  22  35  5  13  14  29  25  11  5  7  21  25  35  27  34  34  14  6  11  10  8  5  17  26  9  17  35  21  28  9  16  31  8  11  32  19  5  12  30  19  6  26  22  16  35  

Processing times: 38  59  42  42  47  64  50  41  63  68  58  70  36  50  52  58  67  43  41  38  68  62  63  44  66  68  53  53  45  49  56  48  38  64  50  51  51  63  67  55  38  67  55  40  61  52  51  54  46  38  

-------------------------------------------------------------------------------

Number of jobs: 50  Number of machines: 2

Initialization time: 1

Setup times: 35  35  26  15  12  10  33  8  14  27  23  17  16  10  31  16  14  20  15  8  12  25  18  9  9  34  30  8  35  19  14  34  18  8  21  31  24  11  10  26  33  23  16  10  17  16  17  11  8  34  

Processing times: 41  36  63  55  42  69  43  50  41  68  54  43  37  42  47  59  48  61  39  43  64  69  45  56  70  56  65  59  57  65  55  59  66  46  55  54  56  41  43  67  68  51  49  44  70  66  65  50  56  54  

-------------------------------------------------------------------------------

Number of jobs: 50  Number of machines: 2

Initialization time: 1

Setup times: 6  27  22  23  31  23  21  17  8  23  18  31  35  34  27  12  24  10  30  19  27  21  9  21  35  35  33  26  7  11  18  25  18  26  19  10  20  25  33  35  5  8  16  21  18  33  26  6  17  29  

Processing times: 38  43  43  43  46  42  42  57  55  52  53  70  37  48  47  54  37  58  44  56  63  45  41  40  38  41  48  56  50  50  38  58  37  47  44  63  51  44  51  37  36  69  64  38  70  41  40  56  61  50  

-------------------------------------------------------------------------------

Number of jobs: 50  Number of machines: 2

Initialization time: 1

Setup times: 30  29  5  7  9  33  9  29  20  13  18  30  31  33  12  18  18  19  34  22  12  9  31  5  15  9  34  18  7  13  18  24  24  9  11  22  27  34  23  29  5  16  33  28  30  19  9  33  31  5  

Processing times: 50  40  63  63  46  56  37  51  45  67  54  36  62  46  47  40  49  46  53  46  58  45  70  44  41  55  50  39  46  45  41  69  57  54  68  69  42  51  69  59  51  47  53  50  61  70  66  43  53  62  

-------------------------------------------------------------------------------

Number of jobs: 50  Number of machines: 2

Initialization time: 1

Setup times: 34  28  12  35  14  8  33  10  25  6  7  24  15  11  35  34  7  33  31  26  19  28  18  33  22  28  27  8  29  34  13  26  5  27  32  6  30  8  28  21  29  21  12  19  12  5  10  12  5  28  

Processing times: 68  52  60  49  51  64  56  67  62  49  63  45  53  51  43  50  41  57  57  47  56  56  64  68  67  68  43  55  36  52  59  64  43  43  52  46  61  36  63  69  44  57  36  65  62  44  48  41  40  37  

-------------------------------------------------------------------------------

Number of jobs: 50  Number of machines: 2

Initialization time: 1

Setup times: 33  27  32  34  18  31  24  21  7  35  18  29  12  32  20  18  8  14  6  33  19  17  24  13  20  27  19  27  5  27  32  35  29  7  32  6  25  10  26  13  11  24  24  17  6  34  18  8  18  11  

Processing times: 40  60  49  66  70  66  43  65  65  38  40  62  50  44  57  56  39  36  37  46  60  42  62  49  68  62  41  56  53  42  37  41  64  36  36  66  58  37  68  64  39  49  65  36  50  46  39  54  68  69  

-------------------------------------------------------------------------------

Number of jobs: 50  Number of machines: 2

Initialization time: 1

Setup times: 11  10  34  30  8  14  18  35  28  10  28  12  14  19  28  26  35  7  13  19  17  10  19  31  22  13  29  17  5  17  21  24  14  25  34  23  26  24  22  13  14  29  27  15  24  30  20  31  23  28  

Processing times: 60  49  50  51  40  50  42  38  36  41  42  70  56  50  57  50  63  46  62  43  62  47  67  67  67  41  51  57  41  55  67  47  42  57  50  64  50  40  64  53  57  38  70  51  48  65  50  69  67  40  

-------------------------------------------------------------------------------

Number of jobs: 50  Number of machines: 2

Initialization time: 1

Setup times: 11  17  10  32  11  35  24  16  11  9  9  31  22  6  21  22  32  5  19  24  14  8  16  11  6  12  34  30  18  23  24  27  25  8  22  30  16  5  30  34  15  30  21  33  21  6  11  13  26  5  

Processing times: 65  38  44  70  43  45  40  68  51  42  50  43  37  61  62  56  51  39  51  54  67  56  48  61  55  65  52  62  38  50  57  65  55  39  62  66  63  46  61  39  42  46  41  54  67  42  38  69  46  36  

-------------------------------------------------------------------------------

Number of jobs: 50  Number of machines: 2

Initialization time: 1

Setup times: 8  32  23  28  6  23  34  10  19  35  25  27  26  18  32  21  30  35  11  29  20  15  27  27  31  33  5  18  14  32  26  16  7  27  23  14  21  18  26  26  26  20  9  21  13  19  20  33  22  32  

Processing times: 38  63  56  36  41  41  41  42  56  57  46  58  51  52  58  52  60  66  68  53  61  70  60  37  51  47  58  61  46  61  69  70  54  42  42  38  59  39  62  66  51  62  51  53  60  66  43  61  41  52  

-------------------------------------------------------------------------------

Number of jobs: 50  Number of machines: 2

Initialization time: 1

Setup times: 14  30  25  33  25  31  14  15  6  16  29  12  12  25  19  32  29  22  9  29  12  17  35  6  15  10  26  16  7  13  5  17  28  26  22  8  28  12  32  19  29  25  14  33  32  8  6  15  16  26  

Processing times: 50  58  52  53  41  41  66  39  51  66  61  49  37  50  55  68  53  62  49  44  65  41  51  67  46  37  66  62  65  50  55  40  37  70  60  56  43  58  62  47  59  57  43  62  48  37  62  48  61  56  

-------------------------------------------------------------------------------

Number of jobs: 50  Number of machines: 2

Initialization time: 1

Setup times: 17  25  32  5  29  10  11  35  17  28  9  15  9  31  28  10  9  32  9  15  17  24  15  16  7  25  18  29  29  5  14  8  9  17  31  34  34  33  18  20  9  6  16  19  9  23  16  6  31  10  

Processing times: 55  48  52  42  59  42  36  55  45  70  44  44  39  49  56  70  61  48  51  70  38  51  53  67  67  54  64  50  41  64  42  36  45  63  63  53  58  60  38  44  53  51  51  67  68  66  59  43  56  48  

-------------------------------------------------------------------------------

Number of jobs: 50  Number of machines: 2

Initialization time: 1

Setup times: 15  25  12  19  10  27  12  25  21  25  10  13  10  5  15  15  14  10  27  29  27  18  16  18  19  33  24  23  26  7  9  16  7  29  31  26  8  33  13  6  15  30  13  15  22  6  20  15  16  6  

Processing times: 65  46  41  57  60  46  36  58  54  50  55  47  38  67  43  66  46  64  70  37  40  38  47  64  57  40  46  48  45  56  42  61  52  50  58  37  44  52  49  49  62  61  56  44  51  36  51  38  49  42  

-------------------------------------------------------------------------------

Number of jobs: 50  Number of machines: 2

Initialization time: 1

Setup times: 23  5  25  34  29  13  14  23  8  15  6  30  35  22  21  23  9  16  18  21  35  30  9  19  19  11  35  19  18  6  20  21  9  23  20  19  18  13  15  8  25  27  20  33  26  15  6  16  21  16  

Processing times: 37  43  39  67  46  55  39  64  49  59  41  49  56  63  60  52  62  70  60  48  53  60  41  60  61  40  44  60  61  56  45  67  68  63  45  54  65  47  60  49  44  51  39  68  36  60  40  36  43  40  

-------------------------------------------------------------------------------

Number of jobs: 50  Number of machines: 2

Initialization time: 1

Setup times: 12  12  7  13  33  29  13  34  14  15  20  23  9  11  25  8  17  20  12  17  15  26  28  22  29  19  17  15  17  34  21  23  15  5  24  22  26  13  11  28  24  26  18  34  20  32  16  35  28  7  

Processing times: 40  37  61  36  37  64  47  43  41  55  37  46  54  46  67  57  36  66  50  65  47  51  48  70  41  39  61  48  46  48  60  63  59  66  48  46  53  42  50  67  60  65  57  60  40  40  38  54  65  70  

-------------------------------------------------------------------------------

Number of jobs: 50  Number of machines: 2

Initialization time: 1

Setup times: 12  27  5  17  34  14  27  28  31  18  23  11  11  34  26  15  7  18  26  16  24  24  32  5  14  19  10  27  20  12  29  9  6  10  12  12  34  35  34  26  7  11  30  17  11  34  33  33  21  35  

Processing times: 62  58  66  41  60  61  65  64  46  54  42  58  49  47  56  56  44  48  41  57  66  63  65  49  68  63  54  37  42  46  48  61  49  48  56  43  46  43  44  51  43  54  53  38  47  51  69  48  38  41  

-------------------------------------------------------------------------------

Number of jobs: 50  Number of machines: 2

Initialization time: 1

Setup times: 25  9  25  23  20  5  29  5  35  9  33  21  28  31  32  10  14  23  8  28  10  19  12  30  31  23  27  13  23  26  15  12  32  32  17  24  10  34  31  11  13  35  13  28  9  9  7  34  14  27  

Processing times: 40  38  53  55  64  43  53  56  41  61  54  61  45  65  41  69  67  65  41  56  57  69  47  69  45  62  43  65  64  42  48  63  67  50  51  53  50  54  48  60  56  65  64  57  53  45  36  43  56  48  

-------------------------------------------------------------------------------

Number of jobs: 50  Number of machines: 2

Initialization time: 1

Setup times: 32  10  35  23  24  14  16  17  35  18  16  33  18  23  12  35  28  34  15  7  33  10  19  27  16  7  5  6  22  18  14  20  19  13  5  17  22  29  14  7  9  34  7  34  23  33  22  19  27  30  

Processing times: 45  50  52  65  66  38  68  62  37  41  68  59  41  66  59  70  50  36  44  43  43  44  38  47  67  70  57  53  57  42  47  66  63  65  44  36  56  62  66  53  36  43  62  40  55  36  58  48  37  64  

-------------------------------------------------------------------------------

Number of jobs: 50  Number of machines: 2

Initialization time: 1

Setup times: 23  13  24  9  22  22  12  8  14  34  24  18  14  33  26  33  11  29  6  9  25  25  12  28  23  21  25  29  11  13  29  12  19  19  18  28  20  24  16  25  8  13  30  24  26  18  8  33  6  6  

Processing times: 36  70  51  65  66  45  59  42  50  54  36  63  67  59  37  70  49  46  51  37  39  45  69  53  49  59  42  51  45  47  68  53  61  64  67  45  39  37  55  46  68  55  48  44  62  52  37  63  57  54  

-------------------------------------------------------------------------------

Number of jobs: 50  Number of machines: 2

Initialization time: 1

Setup times: 22  21  21  14  17  7  35  22  35  33  15  9  28  24  34  19  33  32  25  8  20  21  8  12  5  35  24  19  23  10  22  16  35  8  31  27  35  15  21  11  8  21  7  20  5  13  29  18  24  11  

Processing times: 45  45  60  64  70  45  69  64  63  44  49  44  39  46  68  41  42  57  62  59  42  44  48  44  40  68  67  53  36  37  41  39  68  64  58  51  64  48  42  43  69  49  39  53  50  50  50  36  37  53  

-------------------------------------------------------------------------------

Number of jobs: 50  Number of machines: 2

Initialization time: 1

Setup times: 19  20  16  18  25  23  6  7  18  29  35  22  19  18  32  23  32  26  16  10  18  35  15  17  33  6  30  11  29  21  22  17  12  17  22  8  18  29  14  17  25  25  10  16  7  34  25  6  15  9  

Processing times: 62  69  70  45  39  45  53  47  66  66  65  43  45  38  67  59  45  64  57  39  50  45  59  42  40  68  46  59  63  46  39  47  53  56  48  63  65  54  51  65  67  52  56  41  43  38  61  69  37  41  

-------------------------------------------------------------------------------

Number of jobs: 50  Number of machines: 2

Initialization time: 1

Setup times: 24  22  14  8  34  34  19  16  17  32  31  12  15  24  7  35  21  7  20  7  34  7  25  15  18  18  7  11  31  26  15  7  10  24  18  27  16  26  33  5  16  10  27  19  23  24  24  13  32  29  

Processing times: 50  48  54  61  66  43  53  65  45  67  65  61  68  41  42  48  60  48  47  51  36  52  66  60  67  39  65  65  69  42  57  47  49  39  51  51  51  60  70  64  39  61  68  62  37  68  68  61  63  59  

-------------------------------------------------------------------------------

Number of jobs: 50  Number of machines: 2

Initialization time: 1

Setup times: 10  9  11  18  27  11  34  12  14  11  29  10  31  6  30  13  30  25  5  10  32  19  12  27  14  35  27  10  10  29  23  21  14  30  12  31  26  12  35  35  20  17  24  9  14  29  20  29  6  22  

Processing times: 37  55  45  56  66  70  47  39  40  59  48  62  59  57  50  61  57  62  38  45  52  55  41  41  56  55  49  62  55  53  48  63  63  52  45  45  69  41  42  66  65  53  49  56  43  48  52  39  57  49  

-------------------------------------------------------------------------------

Number of jobs: 50  Number of machines: 2

Initialization time: 1

Setup times: 26  7  31  8  20  18  30  25  16  26  18  19  13  33  31  5  21  27  15  17  12  10  11  7  32  30  7  11  10  14  19  23  7  23  34  35  34  13  32  26  30  5  24  16  11  34  31  25  28  6  

Processing times: 52  67  53  49  58  63  54  69  54  37  39  66  47  57  51  54  70  66  52  43  42  67  36  38  48  39  50  40  51  48  37  64  65  69  66  58  65  63  70  70  44  61  36  52  40  49  59  58  64  70  

-------------------------------------------------------------------------------

Number of jobs: 50  Number of machines: 2

Initialization time: 1

Setup times: 7  12  35  22  33  11  28  32  17  10  14  21  25  28  28  5  11  11  18  10  19  14  31  19  34  16  17  13  25  20  33  30  26  12  18  22  10  5  10  14  7  10  13  5  21  35  28  23  18  22  

Processing times: 61  61  53  56  43  67  50  36  55  45  68  43  55  49  37  53  39  69  49  47  48  39  63  37  53  53  70  36  60  41  60  63  50  38  50  47  60  38  66  49  68  63  50  44  54  59  57  50  50  37  

-------------------------------------------------------------------------------

Number of jobs: 50  Number of machines: 2

Initialization time: 1

Setup times: 12  34  16  27  8  30  21  28  19  27  30  31  11  25  34  26  24  11  31  17  35  15  26  32  19  33  24  5  12  26  17  8  12  35  8  13  31  7  10  23  19  18  10  27  31  15  6  7  22  22  

Processing times: 66  65  38  40  67  52  39  49  64  52  37  53  60  42  53  36  45  37  46  59  45  50  65  36  37  45  51  40  44  53  44  68  62  50  68  56  51  44  48  54  52  66  44  42  50  65  70  44  36  46  

-------------------------------------------------------------------------------

Number of jobs: 50  Number of machines: 2

Initialization time: 1

Setup times: 5  10  11  33  16  20  25  10  30  28  31  8  19  11  7  30  16  35  25  32  7  32  14  25  30  29  8  8  18  26  26  34  12  25  19  19  33  20  7  17  30  35  14  11  33  33  25  19  26  9  

Processing times: 36  51  41  59  63  36  39  69  48  43  49  70  43  63  44  60  60  64  42  50  59  37  59  38  57  63  62  69  45  40  42  54  38  63  37  41  52  46  37  65  64  56  68  42  47  45  45  60  49  42  

-------------------------------------------------------------------------------

Number of jobs: 50  Number of machines: 2

Initialization time: 1

Setup times: 18  26  14  13  14  25  25  25  27  8  32  35  14  5  11  30  5  35  26  34  5  35  11  16  11  5  13  5  32  9  33  23  18  8  26  12  8  10  8  32  6  33  6  25  23  8  21  33  33  21  

Processing times: 47  62  65  63  69  58  49  37  60  64  70  38  52  49  52  69  66  44  53  50  57  55  38  53  45  47  55  66  60  70  47  69  58  42  40  46  36  48  59  57  66  57  60  53  42  44  52  63  41  53  

-------------------------------------------------------------------------------

Number of jobs: 50  Number of machines: 2

Initialization time: 1

Setup times: 22  33  35  28  19  33  7  5  23  24  10  18  13  16  10  28  29  27  15  12  15  35  19  10  25  33  16  21  22  22  10  21  16  21  12  23  11  17  17  34  28  29  8  11  17  15  34  17  10  9  

Processing times: 47  56  69  41  66  40  57  56  39  54  58  64  63  49  54  43  42  55  36  39  41  68  63  58  52  36  38  67  44  60  63  52  46  44  50  49  44  68  47  54  41  50  53  42  54  63  62  50  43  69  

-------------------------------------------------------------------------------

Number of jobs: 50  Number of machines: 2

Initialization time: 1

Setup times: 5  15  29  10  35  5  24  15  20  16  30  17  16  28  13  24  28  12  30  29  35  13  18  29  8  12  32  31  26  15  32  26  6  22  11  12  33  28  9  34  23  26  10  6  34  26  22  16  9  35  

Processing times: 67  56  53  57  70  51  47  47  64  66  54  63  44  67  70  41  59  39  62  69  49  64  59  52  63  53  42  41  64  41  68  59  44  41  53  41  51  54  51  37  43  42  58  51  65  68  42  48  41  46  

-------------------------------------------------------------------------------

Number of jobs: 50  Number of machines: 2

Initialization time: 1

Setup times: 13  18  21  9  5  35  24  6  19  14  10  28  5  29  31  12  5  32  26  6  17  31  7  17  7  12  22  35  10  11  23  5  26  21  6  25  19  26  19  20  32  20  29  16  20  19  35  24  5  11  

Processing times: 48  45  57  37  65  45  47  43  41  61  53  58  56  45  42  47  39  51  48  63  38  42  54  39  59  56  64  63  43  53  68  51  47  48  60  51  69  55  70  61  57  66  50  49  54  61  66  42  59  67  

-------------------------------------------------------------------------------

Number of jobs: 50  Number of machines: 2

Initialization time: 1

Setup times: 26  22  27  33  17  13  8  29  16  17  29  17  35  7  33  26  32  20  10  30  21  19  15  12  18  11  21  10  33  11  21  35  15  8  28  21  6  23  22  8  13  21  29  23  17  20  10  27  30  13  

Processing times: 38  62  53  62  56  40  59  38  50  40  48  56  54  59  51  48  67  49  69  38  64  62  61  53  36  37  68  69  60  59  40  39  63  68  36  50  43  66  46  47  42  70  48  61  38  56  68  36  36  50  

-------------------------------------------------------------------------------

Number of jobs: 50  Number of machines: 2

Initialization time: 1

Setup times: 6  24  29  5  33  32  20  20  30  34  29  19  25  21  30  15  30  34  16  31  7  33  33  26  22  19  35  21  16  24  17  15  12  21  23  27  27  35  35  18  27  26  14  16  21  21  35  12  29  11  

Processing times: 57  49  62  46  55  40  38  51  58  53  43  44  52  42  52  68  38  60  48  68  42  41  49  62  61  40  49  63  52  51  39  54  37  69  65  40  41  57  48  40  53  42  36  58  51  52  48  63  48  62  

-------------------------------------------------------------------------------

Number of jobs: 50  Number of machines: 2

Initialization time: 1

Setup times: 32  15  17  9  35  15  24  23  25  35  31  16  13  27  23  14  11  18  10  28  19  12  31  16  15  28  33  21  9  26  25  7  17  14  26  27  18  15  20  16  13  21  16  16  15  28  23  12  10  12  

Processing times: 47  66  36  65  53  61  42  52  43  37  41  58  57  62  67  69  39  69  69  65  48  40  38  37  68  51  56  41  37  53  36  64  68  46  50  65  47  67  52  68  50  37  62  46  64  58  44  37  52  44  

-------------------------------------------------------------------------------

Number of jobs: 50  Number of machines: 2

Initialization time: 1

Setup times: 29  28  7  26  8  27  34  26  30  31  27  31  16  22  35  23  12  28  8  34  6  6  21  11  7  27  30  18  6  9  5  33  20  20  19  21  13  22  31  18  20  33  15  6  19  8  8  16  8  34  

Processing times: 53  56  68  42  66  43  52  68  51  56  60  39  57  50  36  56  51  52  56  50  36  53  51  67  59  64  47  42  38  46  36  59  37  36  46  63  44  47  45  45  58  59  49  57  64  64  52  67  54  56  

-------------------------------------------------------------------------------

Number of jobs: 50  Number of machines: 2

Initialization time: 1

Setup times: 32  25  7  8  23  30  34  8  28  22  31  23  31  7  29  13  19  26  30  30  15  28  34  34  33  17  12  29  11  31  7  17  15  21  22  10  22  34  17  11  19  29  6  16  27  29  32  9  25  14  

Processing times: 70  44  61  61  51  55  38  53  38  40  69  42  60  67  44  63  45  38  47  50  70  60  49  65  61  51  36  45  55  43  53  61  44  62  59  55  58  50  44  68  54  57  47  46  65  47  38  65  59  61  

-------------------------------------------------------------------------------

Number of jobs: 50  Number of machines: 2

Initialization time: 1

Setup times: 7  5  19  26  31  21  19  11  31  11  20  21  17  35  6  31  29  7  7  33  22  18  14  19  15  17  28  31  25  34  25  21  23  16  13  25  21  21  34  8  20  9  29  22  22  28  18  26  32  33  

Processing times: 40  64  57  52  45  49  39  56  65  65  50  66  41  55  39  50  55  53  43  41  45  50  50  49  48  44  63  52  65  47  43  70  45  67  40  68  42  57  49  66  44  37  60  62  61  38  48  58  66  36  

-------------------------------------------------------------------------------

Number of jobs: 50  Number of machines: 2

Initialization time: 1

Setup times: 34  20  25  23  33  5  30  23  23  26  25  19  32  10  6  13  35  26  24  31  23  32  34  21  28  19  28  14  21  16  7  10  30  5  11  11  19  14  20  35  19  12  9  28  33  13  33  30  31  24  

Processing times: 62  49  47  64  50  50  48  70  54  48  59  42  56  37  59  57  59  37  46  41  65  51  53  70  66  45  56  68  49  60  61  63  40  40  36  47  55  60  52  48  45  67  54  62  42  70  45  69  62  55  

-------------------------------------------------------------------------------

Number of jobs: 50  Number of machines: 2

Initialization time: 1

Setup times: 5  30  33  16  21  18  19  34  16  30  11  28  30  9  16  26  21  21  19  7  31  7  5  33  21  10  29  16  13  22  18  8  21  24  25  8  22  6  11  7  14  18  24  29  28  6  11  10  28  10  

Processing times: 64  37  60  45  64  52  61  44  38  68  39  63  61  66  44  50  43  41  45  70  69  66  39  55  61  36  56  47  39  57  66  62  40  59  45  64  61  46  43  63  63  39  68  48  66  38  59  37  67  60  

-------------------------------------------------------------------------------

Number of jobs: 50  Number of machines: 2

Initialization time: 1

Setup times: 14  32  28  18  29  7  34  32  14  31  33  32  21  26  22  14  33  17  34  24  19  11  28  10  22  6  29  29  29  30  32  11  21  16  9  28  10  8  18  11  24  34  20  32  24  24  13  23  20  30  

Processing times: 47  58  37  61  39  58  68  62  61  45  46  56  58  42  44  37  44  66  40  57  46  42  52  67  48  55  66  58  52  42  56  51  66  48  68  57  52  60  38  60  53  58  56  45  39  36  65  38  61  45  

-------------------------------------------------------------------------------

Number of jobs: 50  Number of machines: 2

Initialization time: 1

Setup times: 29  9  32  6  22  8  25  26  11  22  17  34  30  29  24  11  11  33  18  8  30  34  35  6  18  10  13  35  33  35  23  27  12  13  19  32  9  28  10  9  23  23  5  23  7  18  24  33  33  9  

Processing times: 65  69  41  57  45  52  53  57  46  56  40  66  53  42  60  68  56  40  57  49  60  65  43  45  40  52  42  61  67  62  54  56  63  61  43  63  58  60  57  58  43  57  45  60  42  53  40  56  57  66  

-------------------------------------------------------------------------------

Number of jobs: 50  Number of machines: 2

Initialization time: 1

Setup times: 20  19  35  15  29  34  10  13  33  9  24  5  12  14  12  26  5  12  26  29  33  10  35  34  27  20  28  26  23  16  21  12  11  24  15  19  5  5  19  34  23  7  24  10  17  9  24  35  13  34  

Processing times: 45  55  45  54  67  59  43  70  55  42  51  66  46  61  53  60  56  43  49  56  48  38  43  67  61  66  54  52  63  54  47  49  61  57  38  44  41  46  67  44  39  36  70  45  36  63  58  40  49  42  

-------------------------------------------------------------------------------

Number of jobs: 50  Number of machines: 2

Initialization time: 1

Setup times: 29  15  30  16  20  28  25  11  5  26  14  24  5  29  21  14  29  18  30  30  6  25  19  30  30  11  13  5  7  28  34  21  35  6  35  10  25  12  27  27  22  21  8  35  34  17  7  19  10  31  

Processing times: 68  61  45  37  37  50  62  44  69  69  68  44  42  59  58  43  51  46  52  45  44  44  43  50  46  44  66  69  46  48  53  51  65  41  44  61  37  46  67  70  48  57  61  70  67  49  54  55  56  45  

-------------------------------------------------------------------------------

Number of jobs: 50  Number of machines: 2

Initialization time: 1

Setup times: 14  5  25  23  31  11  22  12  26  8  17  12  20  32  13  14  6  21  18  10  12  26  34  28  20  21  14  7  22  13  34  24  30  20  27  34  18  22  28  14  17  13  35  16  10  31  26  35  10  32  

Processing times: 50  63  43  54  68  47  70  57  68  46  69  38  60  60  57  68  38  63  63  49  70  69  38  50  45  60  67  43  65  64  69  40  60  62  48  52  46  45  64  42  43  64  68  48  70  42  39  64  62  69  

-------------------------------------------------------------------------------

Number of jobs: 50  Number of machines: 2

Initialization time: 1

Setup times: 27  15  31  33  8  9  29  28  7  16  33  33  22  22  33  31  19  14  9  29  11  23  24  14  17  29  14  12  22  6  15  33  17  25  8  24  10  6  7  22  34  6  27  23  30  30  10  17  14  29  

Processing times: 63  45  42  68  60  43  66  65  52  62  45  42  44  50  43  56  56  61  49  70  41  61  43  57  42  40  53  45  69  41  64  45  36  64  37  45  58  59  64  39  44  43  65  66  51  42  53  56  37  49  

-------------------------------------------------------------------------------

Number of jobs: 50  Number of machines: 2

Initialization time: 1

Setup times: 35  10  18  30  6  15  13  6  32  6  15  32  15  11  7  9  7  34  13  11  15  5  33  16  8  13  11  29  20  13  11  11  23  8  27  35  32  9  10  21  7  18  27  12  32  20  11  13  13  5  

Processing times: 51  51  42  49  50  70  52  69  49  59  59  56  37  55  64  67  61  61  42  44  52  56  52  48  61  52  44  61  44  46  60  53  36  48  67  53  63  68  65  56  45  70  55  37  65  50  39  40  45  42  

-------------------------------------------------------------------------------

Number of jobs: 50  Number of machines: 2

Initialization time: 1

Setup times: 19  27  21  29  13  17  21  30  27  19  29  9  7  19  24  13  8  21  7  34  6  33  5  24  17  11  8  32  8  35  6  26  21  27  20  26  20  20  32  16  12  13  29  30  26  8  22  18  9  29  

Processing times: 39  45  69  56  46  52  59  49  60  49  41  40  63  44  61  55  59  69  49  55  57  39  67  39  41  38  52  66  67  56  50  47  51  51  38  67  60  41  65  46  43  55  41  48  50  62  46  64  38  47  

-------------------------------------------------------------------------------

Number of jobs: 50  Number of machines: 2

Initialization time: 1

Setup times: 34  8  22  10  35  18  32  10  28  17  22  29  15  31  30  19  32  19  20  6  30  34  6  11  6  34  9  18  21  32  6  28  14  32  8  34  13  31  30  34  14  20  14  25  26  9  23  13  14  12  

Processing times: 56  44  47  46  58  50  39  61  63  68  53  54  44  65  56  45  49  46  47  49  66  60  41  48  38  50  53  38  52  56  36  49  50  65  45  46  60  67  68  66  42  51  43  60  66  39  39  67  39  68  

-------------------------------------------------------------------------------

Number of jobs: 50  Number of machines: 2

Initialization time: 1

Setup times: 11  12  28  31  7  7  7  26  22  34  22  13  29  20  20  8  18  5  21  31  25  26  18  29  29  11  27  9  7  9  6  13  32  17  22  14  7  19  27  8  34  28  34  7  26  20  22  29  16  8  

Processing times: 64  50  61  67  60  64  48  60  56  51  53  61  62  58  55  57  47  59  48  58  61  45  48  58  67  54  44  49  65  58  70  60  67  50  50  39  46  57  65  52  69  39  62  52  47  68  50  36  66  68  


