Number of jobs: 50  Number of machines: 2

Initialization time: 1

Setup times: 13  16  11  25  10  28  24  24  10  26  11  6  9  15  22  26  12  28  27  26  22  34  8  35  13  9  16  23  15  10  23  22  17  12  11  8  21  14  9  28  7  18  19  16  23  11  19  6  29  20  

Processing times: 27  11  30  16  14  17  16  30  25  12  24  7  24  15  20  17  34  19  32  26  24  27  31  22  25  11  20  14  25  24  13  31  6  26  9  11  14  19  7  35  27  21  33  18  32  19  14  10  30  19  

-------------------------------------------------------------------------------

Number of jobs: 50  Number of machines: 2

Initialization time: 1

Setup times: 31  15  18  33  6  32  31  28  22  7  26  9  29  34  27  8  5  25  5  35  6  19  21  16  17  27  15  30  31  20  35  13  31  18  31  18  14  20  28  6  25  29  17  29  24  30  22  26  19  32  

Processing times: 32  7  10  31  22  14  7  29  22  8  11  22  33  32  10  6  33  28  30  33  13  24  28  30  10  34  31  34  9  21  8  11  9  31  31  20  9  13  19  11  16  29  15  24  15  21  30  16  33  18  

-------------------------------------------------------------------------------

Number of jobs: 50  Number of machines: 2

Initialization time: 1

Setup times: 9  32  12  5  34  27  28  16  23  33  27  10  29  24  17  15  20  28  20  18  20  28  9  6  5  16  28  16  14  9  19  21  7  28  9  11  16  27  31  11  8  15  15  31  25  27  7  30  6  23  

Processing times: 22  26  12  18  11  7  31  10  25  17  29  31  9  17  20  30  11  19  18  27  5  24  11  16  24  16  15  23  30  19  14  23  22  5  11  33  28  9  19  24  35  32  27  28  32  20  23  7  28  25  

-------------------------------------------------------------------------------

Number of jobs: 50  Number of machines: 2

Initialization time: 1

Setup times: 12  27  26  17  28  19  6  24  28  26  8  14  14  33  23  21  12  15  14  32  17  24  22  12  24  28  23  7  13  34  21  31  19  32  22  9  10  18  21  17  21  7  14  31  32  15  21  22  35  15  

Processing times: 30  12  6  34  7  7  32  6  28  25  10  14  30  28  27  14  19  12  26  24  11  20  28  30  30  34  14  10  31  23  19  17  28  16  18  19  27  34  30  27  26  25  17  7  19  25  10  20  8  28  

-------------------------------------------------------------------------------

Number of jobs: 50  Number of machines: 2

Initialization time: 1

Setup times: 14  21  33  24  27  20  12  17  29  29  25  5  29  22  17  34  31  8  29  33  13  34  28  5  19  27  20  6  11  13  24  25  20  29  12  32  25  9  20  11  29  18  26  25  19  35  17  31  10  7  

Processing times: 9  9  14  27  19  29  30  31  35  21  26  19  11  26  30  7  24  21  28  9  24  32  7  26  27  34  27  34  31  21  22  29  12  7  13  35  14  10  7  21  18  7  9  19  31  19  28  14  6  6  

-------------------------------------------------------------------------------

Number of jobs: 50  Number of machines: 2

Initialization time: 1

Setup times: 8  31  18  9  33  20  27  16  20  18  25  21  33  19  8  7  24  33  19  5  17  6  26  20  19  5  11  10  5  22  13  31  31  11  17  20  13  18  19  25  21  12  35  30  32  22  27  6  20  19  

Processing times: 24  7  11  32  12  19  13  9  26  24  23  24  6  23  17  8  34  11  26  15  34  22  26  14  11  19  15  27  18  6  18  18  20  25  26  33  35  11  26  16  12  13  30  24  25  31  5  17  19  18  

-------------------------------------------------------------------------------

Number of jobs: 50  Number of machines: 2

Initialization time: 1

Setup times: 7  32  32  6  34  22  8  18  33  19  19  16  16  9  32  11  23  15  30  29  34  10  14  29  12  16  25  29  35  22  31  15  31  35  26  10  19  19  23  29  21  28  11  11  11  22  18  8  32  27  

Processing times: 14  34  19  6  31  5  21  19  7  13  16  6  26  10  12  5  22  12  35  16  26  35  8  20  35  26  32  30  9  6  9  34  7  34  23  29  26  34  34  32  16  18  28  11  5  22  21  22  7  28  

-------------------------------------------------------------------------------

Number of jobs: 50  Number of machines: 2

Initialization time: 1

Setup times: 9  35  14  19  13  29  32  26  18  26  9  13  29  32  25  9  35  19  35  11  29  35  12  33  30  8  24  20  13  19  7  29  22  18  35  24  35  29  10  28  34  10  25  27  24  19  28  8  31  19  

Processing times: 6  25  8  20  23  35  21  31  29  24  19  35  25  7  27  8  26  21  32  11  6  21  14  12  30  6  32  31  9  28  29  25  9  35  22  24  34  15  33  24  35  12  19  25  28  11  7  26  20  29  

-------------------------------------------------------------------------------

Number of jobs: 50  Number of machines: 2

Initialization time: 1

Setup times: 32  21  25  24  34  17  23  18  27  7  35  18  19  32  6  25  5  28  35  12  31  13  25  18  5  29  22  31  29  12  20  23  15  32  5  20  25  14  18  8  7  19  28  22  13  35  32  13  28  13  

Processing times: 17  12  23  13  10  23  25  29  34  8  29  23  6  14  12  16  22  32  17  10  5  10  27  8  35  10  6  30  6  10  16  14  28  25  28  8  21  22  6  27  7  15  14  32  6  30  9  14  26  22  

-------------------------------------------------------------------------------

Number of jobs: 50  Number of machines: 2

Initialization time: 1

Setup times: 6  23  8  33  7  15  6  31  15  6  13  16  12  27  32  23  23  5  26  19  32  20  23  8  8  11  29  27  29  5  8  31  14  34  14  18  18  11  32  23  10  29  18  32  7  16  31  8  18  25  

Processing times: 25  23  26  14  16  29  20  30  25  26  10  14  30  31  19  16  16  26  18  12  13  26  13  14  24  5  28  10  13  14  33  27  7  27  31  14  29  34  25  24  20  29  33  13  21  7  9  15  20  7  

-------------------------------------------------------------------------------

Number of jobs: 50  Number of machines: 2

Initialization time: 1

Setup times: 9  8  20  8  21  17  34  13  10  28  20  31  32  25  33  17  29  23  13  30  7  33  17  24  20  14  28  10  35  15  13  23  8  6  5  30  26  23  33  13  7  9  35  31  18  21  8  21  31  25  

Processing times: 6  23  24  17  32  10  33  29  33  27  6  10  7  12  15  32  35  29  8  7  7  26  11  7  6  11  13  9  10  12  12  9  27  7  10  5  7  33  12  34  20  31  9  17  19  26  6  16  31  7  

-------------------------------------------------------------------------------

Number of jobs: 50  Number of machines: 2

Initialization time: 1

Setup times: 28  18  8  22  5  6  18  22  20  27  28  34  24  8  35  25  7  25  18  9  14  12  7  17  17  14  13  8  13  14  7  17  32  5  8  25  19  32  21  27  23  16  28  13  29  20  19  19  12  31  

Processing times: 23  29  26  30  14  27  23  10  24  6  9  14  24  20  17  25  23  6  23  6  16  24  22  29  25  23  20  17  12  14  23  26  34  32  8  29  14  22  25  14  22  30  8  30  15  6  16  33  16  14  

-------------------------------------------------------------------------------

Number of jobs: 50  Number of machines: 2

Initialization time: 1

Setup times: 34  13  5  7  32  16  9  34  28  28  10  13  15  14  11  28  16  9  31  8  16  16  5  11  13  24  14  23  22  13  18  32  25  15  34  5  26  8  6  29  17  20  22  32  25  21  10  28  6  27  

Processing times: 11  24  34  33  23  20  30  23  8  21  12  19  5  35  25  31  28  7  7  15  8  6  13  34  8  6  28  30  7  12  22  5  5  18  28  5  20  28  29  28  22  14  6  25  7  19  14  15  24  18  

-------------------------------------------------------------------------------

Number of jobs: 50  Number of machines: 2

Initialization time: 1

Setup times: 17  35  26  10  10  30  19  19  34  33  24  27  6  8  21  32  9  16  31  11  6  25  18  11  26  19  13  18  26  20  21  30  14  6  23  21  28  16  23  32  14  25  13  24  33  19  23  30  19  9  

Processing times: 7  15  22  29  15  14  7  17  17  20  22  8  25  15  15  23  16  35  19  32  13  32  10  18  23  5  18  9  9  32  17  28  7  7  16  9  11  5  5  29  18  29  21  5  11  13  33  9  10  33  

-------------------------------------------------------------------------------

Number of jobs: 50  Number of machines: 2

Initialization time: 1

Setup times: 6  20  35  15  24  5  16  16  17  23  14  26  11  33  14  7  26  12  27  7  10  30  16  22  16  35  31  9  6  30  5  10  7  26  9  34  7  12  31  20  32  13  27  10  22  6  10  24  20  7  

Processing times: 30  6  9  8  6  34  33  5  33  16  31  24  6  34  28  9  6  33  18  32  13  20  5  29  26  6  15  18  21  22  5  17  31  12  28  18  12  18  10  30  19  6  8  9  18  9  6  6  14  30  

-------------------------------------------------------------------------------

Number of jobs: 50  Number of machines: 2

Initialization time: 1

Setup times: 33  26  34  23  11  28  9  24  7  27  18  13  6  9  17  8  13  19  13  27  23  23  32  25  32  31  13  21  13  33  15  17  14  18  21  35  10  19  15  32  34  19  8  9  14  15  29  16  15  22  

Processing times: 26  31  12  35  27  21  15  22  19  16  23  34  33  13  21  13  18  19  18  35  31  33  8  21  33  21  19  22  25  26  5  25  12  19  32  17  23  24  27  13  22  14  18  26  28  7  24  31  17  32  

-------------------------------------------------------------------------------

Number of jobs: 50  Number of machines: 2

Initialization time: 1

Setup times: 13  18  26  30  33  30  9  26  26  34  20  18  29  24  24  20  27  13  8  21  32  19  17  26  12  33  13  12  26  21  29  23  9  24  17  7  29  10  27  28  26  25  33  12  12  25  29  20  20  29  

Processing times: 28  14  20  15  25  31  31  13  25  18  26  32  32  15  26  23  35  6  31  29  18  32  30  31  27  32  28  5  29  15  28  33  30  13  28  16  15  19  31  28  33  5  32  13  26  15  32  35  14  13  

-------------------------------------------------------------------------------

Number of jobs: 50  Number of machines: 2

Initialization time: 1

Setup times: 5  7  26  15  11  21  34  24  11  6  15  9  14  32  6  24  19  12  31  30  23  21  16  9  29  6  25  9  17  22  10  17  9  34  33  19  7  14  12  23  15  9  18  20  11  32  26  24  25  15  

Processing times: 21  7  34  31  6  9  27  28  21  30  10  26  5  22  9  15  7  23  14  9  28  14  34  29  30  17  18  25  23  10  9  11  15  20  35  9  15  13  22  28  16  33  19  18  23  16  23  32  29  6  

-------------------------------------------------------------------------------

Number of jobs: 50  Number of machines: 2

Initialization time: 1

Setup times: 8  22  7  23  18  13  18  26  9  22  11  26  24  31  22  13  5  5  28  25  22  16  9  17  32  18  8  22  20  34  5  31  24  16  5  9  27  30  16  27  7  11  5  24  15  13  11  32  20  14  

Processing times: 19  5  11  5  19  26  19  32  9  23  7  21  18  25  34  24  32  22  7  34  11  32  32  27  20  8  31  13  31  28  9  35  7  33  16  19  23  35  12  19  5  33  16  6  9  33  30  10  32  32  

-------------------------------------------------------------------------------

Number of jobs: 50  Number of machines: 2

Initialization time: 1

Setup times: 10  19  12  26  20  8  11  18  31  35  30  35  25  31  10  29  17  16  26  30  32  26  16  21  11  24  12  9  8  11  34  34  24  13  11  28  19  30  22  27  18  24  34  10  13  30  6  7  34  13  

Processing times: 7  22  10  33  6  7  26  28  19  23  26  13  16  28  31  32  5  15  21  18  15  34  32  34  8  33  35  27  34  35  28  17  26  27  35  21  13  23  20  26  22  16  7  32  18  33  9  8  6  20  

-------------------------------------------------------------------------------

Number of jobs: 50  Number of machines: 2

Initialization time: 1

Setup times: 13  6  19  28  19  10  34  15  12  28  24  22  25  35  20  7  19  9  26  9  5  26  10  23  27  35  16  30  8  22  9  10  16  12  7  10  22  29  16  25  28  26  18  14  12  7  25  7  14  32  

Processing times: 22  17  28  28  18  24  24  20  25  18  34  22  22  7  35  9  8  12  27  16  30  21  23  24  27  6  30  8  20  32  11  30  19  8  7  26  22  33  18  18  14  34  30  11  21  5  5  20  34  10  

-------------------------------------------------------------------------------

Number of jobs: 50  Number of machines: 2

Initialization time: 1

Setup times: 13  14  22  8  23  8  31  16  14  22  23  31  35  27  6  6  21  34  8  29  21  34  28  35  23  31  9  15  11  8  10  15  22  16  27  23  25  29  12  10  13  34  18  30  33  8  7  6  28  7  

Processing times: 6  15  8  18  18  30  15  6  19  20  5  23  34  13  5  21  11  15  21  23  7  21  25  13  30  33  16  32  33  6  29  6  29  20  8  8  10  11  12  9  8  24  16  10  25  28  22  33  10  21  

-------------------------------------------------------------------------------

Number of jobs: 50  Number of machines: 2

Initialization time: 1

Setup times: 18  22  26  22  20  25  14  28  16  30  18  12  5  35  28  7  13  16  23  10  28  25  18  10  20  10  14  8  33  22  30  17  32  9  20  20  5  35  12  18  17  9  22  5  18  7  19  23  33  8  

Processing times: 22  19  9  19  23  31  6  7  7  26  10  9  12  22  10  18  26  22  12  11  21  20  16  31  22  26  15  17  7  18  16  6  26  30  12  33  21  20  33  10  26  7  22  31  24  12  30  10  31  10  

-------------------------------------------------------------------------------

Number of jobs: 50  Number of machines: 2

Initialization time: 1

Setup times: 14  17  16  33  9  14  29  16  17  13  23  7  27  31  20  19  29  32  30  9  6  12  13  23  19  24  9  11  28  29  18  19  12  25  20  10  35  30  33  10  22  24  14  11  26  7  28  14  35  24  

Processing times: 11  22  31  24  15  20  11  34  6  29  28  9  20  6  14  8  21  34  21  20  12  15  26  15  10  21  18  28  12  7  17  8  5  28  33  9  31  33  21  21  29  30  15  14  15  20  23  17  22  18  

-------------------------------------------------------------------------------

Number of jobs: 50  Number of machines: 2

Initialization time: 1

Setup times: 20  32  35  31  33  18  9  33  25  32  19  16  33  21  25  34  12  16  35  20  14  6  23  13  16  11  20  25  14  23  35  15  32  13  6  18  14  11  35  19  21  33  35  30  34  7  23  16  10  7  

Processing times: 26  20  31  20  31  8  26  16  15  28  10  23  13  20  5  27  9  5  12  23  17  34  20  19  6  15  33  11  34  11  32  11  34  20  6  5  20  24  34  28  32  8  15  10  16  16  15  23  27  33  

-------------------------------------------------------------------------------

Number of jobs: 50  Number of machines: 2

Initialization time: 1

Setup times: 29  27  18  23  27  11  30  27  6  31  33  17  13  7  25  21  11  35  20  21  29  7  21  18  27  11  18  20  10  9  33  25  24  14  30  26  28  16  14  27  6  17  6  30  35  19  13  32  9  19  

Processing times: 31  14  31  6  28  11  16  5  33  31  32  22  5  23  24  5  27  33  12  13  24  28  8  18  25  25  16  27  17  11  24  19  26  12  35  25  19  31  29  29  29  5  16  7  8  14  29  15  15  15  

-------------------------------------------------------------------------------

Number of jobs: 50  Number of machines: 2

Initialization time: 1

Setup times: 15  33  17  32  7  28  19  14  34  5  21  16  20  15  31  35  6  13  32  27  17  26  20  19  25  29  18  33  19  15  16  20  24  21  31  18  16  10  26  22  17  35  23  17  35  10  25  20  35  21  

Processing times: 20  33  6  24  8  32  5  7  23  10  28  13  16  34  31  14  35  30  29  26  34  34  31  33  32  7  21  15  22  25  30  22  29  18  6  29  13  31  18  18  33  15  7  35  13  17  20  33  15  12  

-------------------------------------------------------------------------------

Number of jobs: 50  Number of machines: 2

Initialization time: 1

Setup times: 10  13  27  20  32  12  27  19  17  25  14  22  21  11  6  15  22  17  24  29  15  26  34  31  19  31  21  23  12  15  7  33  29  25  14  7  30  15  24  12  32  34  20  5  26  28  10  34  12  11  

Processing times: 30  16  34  34  21  16  35  19  28  23  35  32  35  31  23  18  26  22  21  9  24  27  26  15  23  21  29  20  24  32  27  12  33  28  27  9  21  30  32  17  17  32  11  16  16  23  8  13  31  31  

-------------------------------------------------------------------------------

Number of jobs: 50  Number of machines: 2

Initialization time: 1

Setup times: 7  6  17  31  9  9  31  19  27  22  21  24  23  14  18  13  29  35  25  13  21  11  28  22  33  15  21  10  19  22  29  21  18  32  18  7  14  29  35  17  34  34  13  21  31  14  7  5  16  15  

Processing times: 20  28  13  17  6  28  13  20  19  11  6  16  20  29  26  12  24  35  22  26  35  17  16  5  13  34  21  35  6  20  23  15  17  26  15  11  32  32  31  19  27  5  19  12  10  21  35  22  33  17  

-------------------------------------------------------------------------------

Number of jobs: 50  Number of machines: 2

Initialization time: 1

Setup times: 22  25  35  9  19  8  32  20  17  11  10  18  10  15  21  6  22  26  20  15  33  35  29  30  32  19  18  29  27  5  35  27  33  11  14  17  12  7  9  25  24  7  6  11  7  35  24  26  21  11  

Processing times: 19  15  7  11  10  13  12  6  6  24  18  27  19  13  14  24  27  19  8  32  23  21  35  25  21  26  35  8  17  34  5  23  26  23  32  6  25  31  33  22  34  35  30  27  25  28  21  20  19  33  

-------------------------------------------------------------------------------

Number of jobs: 50  Number of machines: 2

Initialization time: 1

Setup times: 35  5  19  10  6  25  25  11  26  32  30  16  25  28  8  19  22  10  5  9  5  12  31  14  18  25  23  29  10  24  16  26  19  23  33  22  5  13  32  23  35  11  17  11  10  15  28  29  11  10  

Processing times: 16  11  11  34  33  21  28  10  30  32  9  33  34  35  14  17  6  7  17  7  23  12  26  33  6  6  6  13  27  6  10  8  16  9  15  22  15  11  32  11  11  30  23  30  35  34  32  7  16  23  

-------------------------------------------------------------------------------

Number of jobs: 50  Number of machines: 2

Initialization time: 1

Setup times: 8  13  35  22  28  30  10  6  19  26  34  8  32  5  27  13  32  35  35  8  8  7  19  28  7  19  31  7  11  25  21  23  9  31  26  7  16  21  24  13  34  25  11  35  15  19  22  12  5  31  

Processing times: 35  11  8  25  18  25  5  18  13  7  5  27  33  23  11  5  20  26  17  33  35  29  26  24  16  30  15  17  12  10  20  9  20  33  16  12  21  18  21  18  12  6  28  21  8  34  30  9  14  28  

-------------------------------------------------------------------------------

Number of jobs: 50  Number of machines: 2

Initialization time: 1

Setup times: 35  27  9  18  11  33  15  8  27  15  8  8  11  7  18  18  29  17  11  28  30  14  23  24  24  12  16  23  20  22  6  5  27  14  33  16  9  22  12  30  30  35  8  21  26  26  24  25  5  14  

Processing times: 9  22  17  23  18  16  9  9  35  12  29  24  10  29  13  9  28  23  9  11  13  18  9  6  16  14  33  22  35  26  26  18  5  6  12  21  12  9  12  29  28  15  13  12  27  10  18  30  21  18  

-------------------------------------------------------------------------------

Number of jobs: 50  Number of machines: 2

Initialization time: 1

Setup times: 28  31  20  23  6  10  22  33  25  15  12  9  33  7  31  14  18  18  32  32  12  5  10  35  31  20  22  13  27  18  11  25  31  24  34  9  10  14  34  32  29  29  10  10  9  8  28  17  26  34  

Processing times: 22  27  11  29  34  28  12  24  6  32  33  18  14  13  23  5  30  34  26  12  35  30  35  11  8  16  34  28  15  14  8  13  22  35  33  24  26  30  10  24  9  28  19  17  26  13  17  17  25  13  

-------------------------------------------------------------------------------

Number of jobs: 50  Number of machines: 2

Initialization time: 1

Setup times: 13  21  19  29  19  35  28  14  34  22  19  23  31  6  16  5  23  15  30  15  17  29  17  30  7  17  18  25  32  31  17  28  29  13  20  31  5  10  16  29  27  20  25  33  7  31  9  15  8  31  

Processing times: 10  34  16  34  33  22  32  16  13  16  25  26  15  20  20  29  13  35  10  13  21  33  5  33  28  14  7  21  5  9  33  19  7  5  14  35  5  7  16  22  12  26  22  32  32  12  7  15  32  23  

-------------------------------------------------------------------------------

Number of jobs: 50  Number of machines: 2

Initialization time: 1

Setup times: 10  13  5  7  32  7  9  32  10  15  30  19  22  14  30  8  17  34  17  28  18  7  11  22  28  18  28  22  11  12  20  15  28  26  10  25  12  21  25  14  22  21  13  35  7  35  15  5  24  23  

Processing times: 30  8  30  26  8  9  20  18  12  13  24  13  12  26  29  7  10  8  11  13  33  18  9  19  35  12  17  14  11  24  21  32  27  17  5  13  16  9  11  30  30  33  6  14  23  27  17  25  25  8  

-------------------------------------------------------------------------------

Number of jobs: 50  Number of machines: 2

Initialization time: 1

Setup times: 10  15  5  12  26  8  13  28  35  8  27  18  19  13  34  12  6  11  14  11  29  28  35  11  19  21  15  5  15  14  33  32  23  11  19  8  10  8  28  17  13  9  21  26  30  28  25  31  11  26  

Processing times: 9  34  9  29  13  10  5  12  27  11  13  11  31  24  19  11  12  27  9  31  15  7  26  6  24  32  7  30  26  9  29  6  6  23  19  7  15  9  27  12  14  19  22  26  7  29  25  32  7  10  

-------------------------------------------------------------------------------

Number of jobs: 50  Number of machines: 2

Initialization time: 1

Setup times: 30  16  17  30  32  25  8  13  6  22  20  29  21  27  23  34  8  12  16  11  27  7  15  6  26  22  16  35  28  31  20  33  12  21  12  16  17  7  30  26  13  25  17  16  13  23  15  8  30  13  

Processing times: 19  31  15  11  31  11  31  25  25  27  14  27  7  5  29  32  27  24  27  32  17  12  31  7  7  23  26  19  22  22  25  12  19  13  11  9  24  24  21  7  12  22  8  8  23  32  13  6  21  13  

-------------------------------------------------------------------------------

Number of jobs: 50  Number of machines: 2

Initialization time: 1

Setup times: 35  15  35  19  8  8  17  35  28  7  33  8  17  5  28  15  6  21  7  11  22  21  9  8  34  32  29  23  24  18  9  34  18  26  17  8  25  29  33  13  33  24  23  23  28  34  17  29  9  16  

Processing times: 15  7  20  33  35  26  7  8  24  14  22  12  22  30  31  29  25  6  15  21  12  14  15  14  19  23  23  13  24  32  31  21  7  13  23  15  26  22  29  22  21  7  18  24  25  5  13  21  6  19  

-------------------------------------------------------------------------------

Number of jobs: 50  Number of machines: 2

Initialization time: 1

Setup times: 15  10  34  22  7  12  15  5  29  32  29  23  5  17  22  5  6  32  26  6  11  27  13  18  30  33  21  21  32  24  33  21  6  28  32  32  31  18  21  22  5  16  13  23  6  25  26  10  19  7  

Processing times: 32  15  22  22  26  14  28  29  11  7  32  31  35  31  27  35  26  31  14  24  20  31  27  14  9  16  7  34  9  23  35  16  20  10  21  28  5  11  11  15  9  21  26  31  5  20  9  30  27  32  

-------------------------------------------------------------------------------

Number of jobs: 50  Number of machines: 2

Initialization time: 1

Setup times: 6  19  15  25  12  19  18  22  35  27  16  28  11  26  22  9  5  11  15  6  15  29  26  21  9  5  18  32  12  33  32  20  13  22  14  19  8  22  5  25  12  23  7  25  29  9  25  20  25  10  

Processing times: 8  35  13  26  24  27  11  11  31  30  19  23  21  18  32  26  32  26  8  14  29  7  9  11  35  15  19  26  14  27  8  17  26  5  22  20  24  21  5  23  9  14  28  9  30  31  7  7  13  13  

-------------------------------------------------------------------------------

Number of jobs: 50  Number of machines: 2

Initialization time: 1

Setup times: 7  16  10  35  17  21  20  22  16  24  18  24  35  11  33  25  24  31  20  29  26  21  30  32  29  31  5  19  30  27  7  6  25  8  34  31  34  20  13  27  24  20  19  12  28  14  9  11  26  18  

Processing times: 9  29  18  32  5  6  19  22  28  8  8  27  34  5  9  14  35  21  27  17  5  22  11  27  26  9  26  7  33  32  13  5  24  13  17  23  17  10  34  30  30  15  7  31  21  24  10  25  28  15  

-------------------------------------------------------------------------------

Number of jobs: 50  Number of machines: 2

Initialization time: 1

Setup times: 8  7  10  21  17  32  13  10  11  34  31  26  27  11  8  15  35  15  29  18  24  34  32  27  34  11  25  18  12  14  35  35  26  5  8  20  32  9  21  11  5  28  16  11  24  29  23  5  12  26  

Processing times: 22  16  25  11  25  27  35  18  11  22  22  29  7  12  5  28  28  5  28  9  28  5  17  9  6  9  5  10  8  34  35  20  7  15  26  33  14  28  15  22  5  24  34  10  5  31  34  34  23  14  

-------------------------------------------------------------------------------

Number of jobs: 50  Number of machines: 2

Initialization time: 1

Setup times: 7  18  13  5  28  23  10  13  27  15  25  34  23  14  21  27  7  5  11  33  27  20  28  34  14  24  31  6  20  30  22  8  32  18  8  24  35  33  26  12  12  17  30  17  18  9  28  8  26  21  

Processing times: 31  8  8  24  22  18  14  5  5  22  10  18  27  23  31  17  17  14  16  14  30  5  31  29  20  9  35  27  11  12  24  10  34  23  9  33  11  13  33  33  23  5  10  17  22  16  34  23  27  8  

-------------------------------------------------------------------------------

Number of jobs: 50  Number of machines: 2

Initialization time: 1

Setup times: 27  11  13  30  16  34  10  19  35  10  14  12  24  13  12  35  17  35  5  9  16  14  15  26  13  24  16  14  16  13  24  35  23  32  9  29  11  33  16  34  10  24  24  30  29  33  28  9  26  26  

Processing times: 34  18  33  15  5  12  24  28  26  19  12  17  32  13  11  31  7  8  13  33  28  21  15  13  8  14  8  31  28  9  27  6  17  22  7  5  29  23  34  24  19  28  30  13  33  12  20  11  9  10  

-------------------------------------------------------------------------------

Number of jobs: 50  Number of machines: 2

Initialization time: 1

Setup times: 5  25  5  16  30  35  15  18  34  16  29  32  32  29  24  23  34  9  19  33  8  11  9  9  16  10  35  23  20  20  23  16  15  6  22  9  30  30  24  16  14  29  7  29  10  14  12  11  16  21  

Processing times: 19  5  12  7  15  33  13  22  14  11  7  21  22  6  28  10  27  10  26  11  8  26  14  25  8  10  21  28  14  22  17  6  13  26  10  6  35  30  13  30  23  25  8  35  31  33  33  17  31  31  

-------------------------------------------------------------------------------

Number of jobs: 50  Number of machines: 2

Initialization time: 1

Setup times: 32  17  29  7  23  6  28  11  19  13  8  21  14  24  13  6  26  8  32  6  14  7  12  17  33  23  9  12  25  31  17  6  14  10  25  14  5  33  29  32  34  15  35  14  12  17  19  14  12  17  

Processing times: 15  31  21  27  7  13  18  12  20  12  23  22  33  28  14  14  17  27  23  24  26  33  35  8  22  14  12  18  15  24  26  17  18  35  7  9  10  19  16  10  10  31  5  22  22  8  10  15  7  23  

-------------------------------------------------------------------------------

Number of jobs: 50  Number of machines: 2

Initialization time: 1

Setup times: 15  25  7  9  30  29  13  29  32  26  13  27  8  22  27  23  19  11  17  31  19  32  10  24  21  32  32  27  12  31  30  32  23  14  15  18  23  9  8  21  12  5  12  13  6  8  12  29  17  33  

Processing times: 32  10  27  12  19  15  14  15  9  5  10  15  8  26  24  12  14  10  18  15  28  35  34  11  21  22  9  25  20  8  5  14  16  17  30  5  25  8  11  25  8  16  33  30  23  12  21  15  8  14  

-------------------------------------------------------------------------------

Number of jobs: 50  Number of machines: 2

Initialization time: 1

Setup times: 33  16  13  15  27  12  35  22  31  16  18  31  25  6  9  13  34  12  28  34  7  31  23  30  13  9  21  27  8  27  22  14  10  26  10  11  14  33  25  26  8  8  15  24  35  22  10  27  23  9  

Processing times: 21  24  18  24  34  28  33  13  6  24  18  9  18  29  33  35  11  20  17  6  21  7  14  29  31  30  23  14  17  21  8  20  7  13  9  11  27  32  23  28  32  21  8  10  35  11  32  31  14  27  

-------------------------------------------------------------------------------

Number of jobs: 50  Number of machines: 2

Initialization time: 1

Setup times: 21  7  18  22  10  28  13  24  6  10  24  33  11  23  31  24  15  19  5  24  30  7  10  7  8  30  9  33  18  24  19  33  6  22  29  23  29  26  8  24  28  15  11  35  8  35  34  14  11  31  

Processing times: 30  24  25  34  23  30  20  12  26  22  22  27  11  15  16  9  11  11  28  10  34  28  15  31  25  13  6  25  31  12  35  13  30  10  26  28  10  29  34  25  31  26  22  8  24  23  31  11  9  25  


