Number of jobs: 25  Number of machines: 2

Initialization time: 1

Setup times: 35  34  28  17  30  30  34  12  29  9  6  9  14  30  22  9  15  32  28  32  33  15  28  13  6  

Processing times: 37  33  45  53  47  38  53  51  22  30  37  39  37  59  40  51  31  51  60  39  32  48  34  58  34  

-------------------------------------------------------------------------------

Number of jobs: 25  Number of machines: 2

Initialization time: 1

Setup times: 9  16  7  18  27  31  21  28  17  32  32  19  31  17  13  11  17  15  17  27  21  31  11  11  27  

Processing times: 20  54  53  39  40  48  25  22  46  60  59  22  27  52  33  43  29  47  27  53  30  27  39  28  41  

-------------------------------------------------------------------------------

Number of jobs: 25  Number of machines: 2

Initialization time: 1

Setup times: 18  7  21  23  20  33  7  11  19  20  34  26  28  21  5  27  16  30  6  16  12  9  24  20  9  

Processing times: 48  52  47  48  27  27  35  54  31  49  37  24  58  60  39  22  53  35  48  40  47  55  27  45  54  

-------------------------------------------------------------------------------

Number of jobs: 25  Number of machines: 2

Initialization time: 1

Setup times: 9  30  32  32  19  31  15  14  10  26  21  5  8  14  16  21  16  32  11  23  11  6  28  22  32  

Processing times: 36  46  33  53  50  52  46  33  23  48  20  49  45  40  39  42  46  52  54  43  45  32  33  27  48  

-------------------------------------------------------------------------------

Number of jobs: 25  Number of machines: 2

Initialization time: 1

Setup times: 5  25  12  12  10  6  33  18  6  28  16  33  6  6  10  30  11  8  29  18  33  22  6  7  14  

Processing times: 46  39  43  42  38  56  27  44  46  34  45  44  58  20  20  41  39  24  58  37  42  51  44  32  58  

-------------------------------------------------------------------------------

Number of jobs: 25  Number of machines: 2

Initialization time: 1

Setup times: 28  9  21  22  21  29  17  25  17  5  17  35  10  20  6  5  14  30  14  8  10  15  12  12  27  

Processing times: 51  44  56  53  37  55  36  34  46  57  52  23  46  42  54  58  52  27  36  20  25  25  51  45  60  

-------------------------------------------------------------------------------

Number of jobs: 25  Number of machines: 2

Initialization time: 1

Setup times: 22  13  14  24  31  15  16  6  13  32  12  22  11  19  24  12  31  28  35  23  10  22  18  30  8  

Processing times: 22  45  42  40  59  57  25  51  21  34  25  56  45  40  40  31  20  52  59  56  52  48  52  46  28  

-------------------------------------------------------------------------------

Number of jobs: 25  Number of machines: 2

Initialization time: 1

Setup times: 18  22  13  25  22  8  30  35  15  22  25  22  6  8  31  30  13  21  7  27  24  24  26  14  6  

Processing times: 60  27  21  27  46  57  38  33  48  57  55  36  56  54  44  40  44  26  39  56  24  37  43  44  20  

-------------------------------------------------------------------------------

Number of jobs: 25  Number of machines: 2

Initialization time: 1

Setup times: 27  13  35  20  6  33  6  29  24  8  35  27  25  10  27  17  5  6  7  28  31  17  30  28  5  

Processing times: 55  53  59  50  45  42  28  47  55  29  44  31  57  59  40  27  21  53  29  31  39  53  30  59  35  

-------------------------------------------------------------------------------

Number of jobs: 25  Number of machines: 2

Initialization time: 1

Setup times: 30  32  16  25  12  13  30  26  28  18  6  20  9  27  25  15  6  25  20  21  17  7  24  5  11  

Processing times: 23  43  31  49  34  21  46  42  24  21  30  56  21  23  59  31  44  21  31  22  45  56  42  25  28  

-------------------------------------------------------------------------------

Number of jobs: 25  Number of machines: 2

Initialization time: 1

Setup times: 12  15  34  14  6  7  10  16  20  14  15  13  6  12  25  35  25  14  22  8  15  32  8  19  17  

Processing times: 20  48  48  35  52  43  54  52  37  58  40  52  31  59  56  33  33  34  30  38  47  51  58  52  31  

-------------------------------------------------------------------------------

Number of jobs: 25  Number of machines: 2

Initialization time: 1

Setup times: 26  28  32  32  6  20  9  10  20  31  35  9  31  19  34  11  22  12  6  13  7  22  5  28  17  

Processing times: 55  24  41  22  36  57  60  43  34  37  51  40  37  53  43  32  31  42  53  25  54  35  21  27  32  

-------------------------------------------------------------------------------

Number of jobs: 25  Number of machines: 2

Initialization time: 1

Setup times: 26  14  8  30  18  6  6  26  33  20  8  22  7  14  5  10  32  25  26  21  10  29  17  7  31  

Processing times: 31  47  23  25  30  43  24  44  30  58  27  30  60  43  49  23  59  21  43  52  59  35  41  58  25  

-------------------------------------------------------------------------------

Number of jobs: 25  Number of machines: 2

Initialization time: 1

Setup times: 11  31  25  19  20  10  22  22  7  14  29  11  9  30  23  26  24  34  8  17  21  8  13  34  27  

Processing times: 29  51  27  60  59  41  21  46  25  41  46  41  50  58  45  44  60  55  54  41  52  35  33  30  22  

-------------------------------------------------------------------------------

Number of jobs: 25  Number of machines: 2

Initialization time: 1

Setup times: 22  21  13  22  14  13  25  20  5  23  18  20  16  10  24  31  20  23  20  31  21  27  23  9  6  

Processing times: 23  60  36  22  49  20  25  41  44  57  43  24  53  58  47  25  44  44  41  55  56  42  54  55  39  

-------------------------------------------------------------------------------

Number of jobs: 25  Number of machines: 2

Initialization time: 1

Setup times: 12  27  32  14  33  31  28  15  7  16  6  20  14  34  10  34  24  16  13  24  7  24  26  29  25  

Processing times: 43  38  34  27  36  27  20  37  31  52  22  48  23  37  59  30  22  38  45  33  36  35  28  28  56  

-------------------------------------------------------------------------------

Number of jobs: 25  Number of machines: 2

Initialization time: 1

Setup times: 24  30  20  26  11  17  7  11  27  10  25  34  32  26  20  31  17  6  6  30  20  15  31  6  5  

Processing times: 43  51  53  33  45  23  36  58  22  50  21  46  33  28  53  28  29  45  49  51  58  40  36  32  31  

-------------------------------------------------------------------------------

Number of jobs: 25  Number of machines: 2

Initialization time: 1

Setup times: 19  32  26  9  12  12  11  31  23  7  12  30  31  8  26  16  26  14  20  32  12  31  25  34  21  

Processing times: 47  35  44  53  56  47  24  40  20  37  60  20  51  49  47  38  55  44  32  34  43  48  57  26  22  

-------------------------------------------------------------------------------

Number of jobs: 25  Number of machines: 2

Initialization time: 1

Setup times: 18  22  25  33  6  32  24  27  17  22  12  30  30  28  9  5  7  22  23  14  30  14  33  20  14  

Processing times: 56  23  28  33  20  36  34  53  54  25  22  56  54  24  35  22  32  45  27  58  47  24  41  27  25  

-------------------------------------------------------------------------------

Number of jobs: 25  Number of machines: 2

Initialization time: 1

Setup times: 16  11  24  18  10  10  8  16  26  5  25  24  21  5  18  28  10  31  19  12  26  28  19  26  35  

Processing times: 57  41  26  60  29  28  28  36  47  53  22  45  49  28  26  21  25  20  48  26  36  55  57  31  25  

-------------------------------------------------------------------------------

Number of jobs: 25  Number of machines: 2

Initialization time: 1

Setup times: 25  27  5  6  32  10  28  11  7  32  12  35  21  35  11  21  31  25  20  8  25  16  25  7  26  

Processing times: 38  54  60  21  35  36  20  42  37  36  23  21  58  53  52  41  50  27  44  58  35  60  57  24  22  

-------------------------------------------------------------------------------

Number of jobs: 25  Number of machines: 2

Initialization time: 1

Setup times: 11  16  8  24  27  31  7  32  31  6  22  21  9  23  24  35  18  28  10  26  35  21  27  6  26  

Processing times: 35  35  53  38  56  56  27  56  54  29  25  26  21  42  44  34  40  42  44  51  52  58  51  21  31  

-------------------------------------------------------------------------------

Number of jobs: 25  Number of machines: 2

Initialization time: 1

Setup times: 20  21  28  13  9  34  34  35  13  28  22  33  17  30  22  13  19  34  23  12  31  29  19  10  11  

Processing times: 42  50  59  34  56  24  34  40  39  31  25  37  42  28  34  27  23  46  47  41  52  56  53  28  34  

-------------------------------------------------------------------------------

Number of jobs: 25  Number of machines: 2

Initialization time: 1

Setup times: 23  13  35  16  7  18  24  27  30  24  34  34  17  30  24  8  34  8  13  30  29  29  33  35  30  

Processing times: 53  51  29  31  44  56  25  43  41  40  31  30  57  32  36  24  23  54  25  29  40  29  38  57  25  

-------------------------------------------------------------------------------

Number of jobs: 25  Number of machines: 2

Initialization time: 1

Setup times: 9  13  23  6  33  27  19  23  9  5  5  32  6  17  7  33  18  25  10  13  12  18  7  28  26  

Processing times: 57  23  23  43  36  32  47  54  24  31  28  32  55  43  60  50  24  35  40  37  45  21  28  31  28  

-------------------------------------------------------------------------------

Number of jobs: 25  Number of machines: 2

Initialization time: 1

Setup times: 33  17  18  21  15  19  25  13  26  32  7  26  19  10  9  6  33  33  20  24  12  26  23  12  35  

Processing times: 42  52  20  21  59  33  38  30  60  50  56  23  23  21  42  50  43  32  46  23  32  59  31  57  23  

-------------------------------------------------------------------------------

Number of jobs: 25  Number of machines: 2

Initialization time: 1

Setup times: 31  8  12  20  21  11  32  20  29  10  25  35  35  8  19  13  23  21  9  24  34  9  28  29  12  

Processing times: 56  59  46  28  26  34  21  44  55  26  30  28  28  21  51  23  51  34  21  42  20  34  35  25  37  

-------------------------------------------------------------------------------

Number of jobs: 25  Number of machines: 2

Initialization time: 1

Setup times: 19  27  8  34  20  6  10  30  20  15  11  29  32  24  5  11  17  9  10  20  28  26  15  18  28  

Processing times: 50  46  30  58  44  56  42  35  54  34  35  52  33  43  54  34  26  56  49  37  58  26  54  54  21  

-------------------------------------------------------------------------------

Number of jobs: 25  Number of machines: 2

Initialization time: 1

Setup times: 8  30  5  13  34  27  24  26  18  18  13  5  16  26  18  22  29  22  12  21  26  10  24  20  23  

Processing times: 54  47  32  20  38  30  58  21  49  37  46  31  49  28  51  27  29  39  43  53  20  31  55  37  26  

-------------------------------------------------------------------------------

Number of jobs: 25  Number of machines: 2

Initialization time: 1

Setup times: 28  21  14  22  7  21  17  28  11  6  29  32  9  23  12  30  5  21  24  16  22  24  30  5  17  

Processing times: 50  35  32  44  52  40  34  46  32  42  46  46  28  44  39  59  42  26  36  24  58  38  35  36  58  

-------------------------------------------------------------------------------

Number of jobs: 25  Number of machines: 2

Initialization time: 1

Setup times: 14  16  33  16  14  26  17  17  14  22  32  35  23  25  17  35  5  35  15  33  19  8  11  12  24  

Processing times: 45  58  52  51  58  23  28  32  35  59  46  60  27  22  43  32  40  51  35  31  20  21  55  49  59  

-------------------------------------------------------------------------------

Number of jobs: 25  Number of machines: 2

Initialization time: 1

Setup times: 19  14  18  33  35  14  19  21  6  20  12  15  17  16  15  24  11  35  13  25  21  7  32  15  7  

Processing times: 50  58  27  36  46  40  47  58  49  35  57  23  43  37  27  34  55  42  22  35  46  31  54  39  56  

-------------------------------------------------------------------------------

Number of jobs: 25  Number of machines: 2

Initialization time: 1

Setup times: 20  34  13  21  24  32  31  11  33  23  31  9  32  17  15  32  28  6  28  6  24  29  17  33  22  

Processing times: 27  20  47  21  35  26  53  45  22  45  48  55  57  20  56  21  28  21  56  29  29  59  52  47  47  

-------------------------------------------------------------------------------

Number of jobs: 25  Number of machines: 2

Initialization time: 1

Setup times: 17  12  20  29  26  20  17  9  13  13  27  28  31  19  11  27  9  5  28  16  27  27  19  32  6  

Processing times: 44  51  39  54  20  42  22  37  41  34  26  46  46  43  24  39  20  41  33  40  47  59  43  22  58  

-------------------------------------------------------------------------------

Number of jobs: 25  Number of machines: 2

Initialization time: 1

Setup times: 24  7  18  30  27  27  32  34  9  28  16  27  18  26  12  16  24  32  34  6  12  7  28  11  19  

Processing times: 27  41  50  43  31  57  22  32  39  45  20  51  57  39  49  57  28  31  27  32  56  52  59  48  51  

-------------------------------------------------------------------------------

Number of jobs: 25  Number of machines: 2

Initialization time: 1

Setup times: 18  22  33  22  14  23  27  19  30  9  15  11  30  6  20  12  19  17  8  10  8  19  25  9  12  

Processing times: 33  43  35  34  40  40  22  40  60  33  35  30  29  32  30  55  35  46  49  42  29  25  26  48  24  

-------------------------------------------------------------------------------

Number of jobs: 25  Number of machines: 2

Initialization time: 1

Setup times: 31  22  17  15  10  10  12  33  7  32  16  34  24  16  22  18  29  13  18  7  35  24  32  6  17  

Processing times: 22  38  59  30  29  59  38  44  35  44  48  28  39  57  43  54  25  52  59  49  39  21  45  58  53  

-------------------------------------------------------------------------------

Number of jobs: 25  Number of machines: 2

Initialization time: 1

Setup times: 22  18  14  8  12  30  13  13  10  13  9  31  30  33  35  33  21  13  23  16  19  14  5  20  22  

Processing times: 43  59  20  44  36  51  29  24  41  35  46  29  46  43  32  47  31  30  43  51  45  44  46  52  50  

-------------------------------------------------------------------------------

Number of jobs: 25  Number of machines: 2

Initialization time: 1

Setup times: 5  14  32  33  13  22  19  34  22  27  31  33  31  15  17  33  18  13  5  35  21  13  11  24  10  

Processing times: 24  33  52  47  20  51  43  42  48  54  46  45  46  33  36  47  26  24  32  32  49  41  34  29  42  

-------------------------------------------------------------------------------

Number of jobs: 25  Number of machines: 2

Initialization time: 1

Setup times: 34  32  25  12  8  13  17  28  5  12  10  34  34  16  34  24  16  35  28  23  22  6  9  8  12  

Processing times: 28  44  41  40  37  43  52  26  35  59  58  20  55  20  59  55  44  28  37  20  25  56  31  26  23  

-------------------------------------------------------------------------------

Number of jobs: 25  Number of machines: 2

Initialization time: 1

Setup times: 32  19  12  23  10  33  30  7  8  31  32  20  26  5  18  7  31  32  15  10  29  20  30  15  28  

Processing times: 20  23  32  54  35  29  52  52  49  34  43  47  28  47  44  47  25  40  59  25  47  22  46  33  50  

-------------------------------------------------------------------------------

Number of jobs: 25  Number of machines: 2

Initialization time: 1

Setup times: 31  11  9  22  31  15  24  30  23  10  17  6  31  22  28  6  26  11  31  21  23  14  14  8  6  

Processing times: 22  56  38  51  30  39  30  39  31  27  21  59  39  60  59  58  30  32  53  41  56  44  46  27  28  

-------------------------------------------------------------------------------

Number of jobs: 25  Number of machines: 2

Initialization time: 1

Setup times: 7  9  17  29  25  15  34  22  15  5  15  28  8  28  30  7  21  29  18  17  12  31  21  33  15  

Processing times: 56  52  54  28  29  46  46  55  56  33  48  21  22  56  27  23  25  24  43  48  60  36  35  54  31  

-------------------------------------------------------------------------------

Number of jobs: 25  Number of machines: 2

Initialization time: 1

Setup times: 22  18  7  6  30  31  23  27  13  17  18  20  32  31  20  7  31  6  33  7  23  14  17  13  26  

Processing times: 57  45  30  55  40  26  37  50  44  60  54  37  57  47  33  47  37  32  39  44  44  20  30  22  58  

-------------------------------------------------------------------------------

Number of jobs: 25  Number of machines: 2

Initialization time: 1

Setup times: 10  15  23  16  25  25  30  10  6  30  15  8  14  29  27  30  31  16  16  34  10  16  22  25  15  

Processing times: 21  42  35  33  59  21  27  21  22  58  56  44  37  42  57  53  24  55  35  39  40  49  40  50  20  

-------------------------------------------------------------------------------

Number of jobs: 25  Number of machines: 2

Initialization time: 1

Setup times: 16  33  21  30  35  6  28  19  17  29  15  25  7  23  35  33  6  8  18  5  10  13  16  15  13  

Processing times: 54  31  33  41  20  41  34  29  44  25  59  21  56  40  51  54  25  45  53  28  27  34  51  50  29  

-------------------------------------------------------------------------------

Number of jobs: 25  Number of machines: 2

Initialization time: 1

Setup times: 28  19  17  13  27  31  23  5  26  21  26  21  30  11  13  19  26  16  5  31  17  7  7  11  24  

Processing times: 46  37  43  43  21  43  54  35  60  32  30  47  34  39  25  40  51  27  21  47  21  39  26  44  35  

-------------------------------------------------------------------------------

Number of jobs: 25  Number of machines: 2

Initialization time: 1

Setup times: 19  20  22  12  25  20  31  25  28  27  31  17  12  22  26  17  23  14  14  33  27  6  22  24  16  

Processing times: 52  37  59  50  31  29  54  34  59  57  28  43  55  45  55  32  23  23  24  44  53  47  33  39  49  

-------------------------------------------------------------------------------

Number of jobs: 25  Number of machines: 2

Initialization time: 1

Setup times: 19  27  18  12  22  21  10  15  24  30  18  17  20  31  20  21  8  31  14  34  24  28  15  29  21  

Processing times: 22  23  34  44  56  53  57  54  37  40  23  22  44  46  24  29  57  28  42  33  49  31  32  43  50  

-------------------------------------------------------------------------------

Number of jobs: 25  Number of machines: 2

Initialization time: 1

Setup times: 34  18  11  34  6  31  11  17  27  12  12  26  32  31  27  26  16  16  19  7  35  12  7  18  22  

Processing times: 22  48  48  28  21  59  46  20  27  45  20  54  58  37  20  43  28  25  51  45  56  21  32  48  23  


