Number of jobs: 25  Number of machines: 2

Initialization time: 1

Setup times: 10  18  14  10  23  33  23  19  26  31  25  15  33  35  11  15  34  31  7  33  27  33  14  19  28  

Processing times: 16  11  26  21  9  11  23  27  18  7  14  8  23  15  14  24  7  27  21  14  12  11  22  24  5  

-------------------------------------------------------------------------------

Number of jobs: 25  Number of machines: 2

Initialization time: 1

Setup times: 35  14  11  20  21  16  19  9  31  19  8  14  22  30  23  5  5  21  33  9  16  35  7  30  27  

Processing times: 24  26  26  27  24  23  6  25  21  18  7  7  24  9  7  9  21  23  24  18  26  8  19  8  6  

-------------------------------------------------------------------------------

Number of jobs: 25  Number of machines: 2

Initialization time: 1

Setup times: 28  13  16  10  28  15  18  28  30  26  32  29  15  8  33  34  8  28  13  22  22  16  7  16  25  

Processing times: 16  22  6  15  26  12  10  8  14  5  17  26  19  12  22  20  5  22  10  16  20  18  11  25  7  

-------------------------------------------------------------------------------

Number of jobs: 25  Number of machines: 2

Initialization time: 1

Setup times: 33  29  33  21  15  22  25  29  26  19  8  5  21  24  21  15  12  24  27  15  25  35  34  28  17  

Processing times: 10  9  24  10  24  21  5  18  23  23  5  5  16  7  23  11  22  26  11  10  19  19  12  10  15  

-------------------------------------------------------------------------------

Number of jobs: 25  Number of machines: 2

Initialization time: 1

Setup times: 25  34  10  20  18  32  9  26  17  17  29  23  23  15  10  34  23  26  8  6  25  18  15  25  6  

Processing times: 22  9  12  25  26  23  13  24  22  8  13  14  19  9  25  7  22  10  24  8  5  6  7  17  15  

-------------------------------------------------------------------------------

Number of jobs: 25  Number of machines: 2

Initialization time: 1

Setup times: 8  19  33  12  27  25  19  7  7  33  33  23  29  20  24  9  33  12  27  20  12  14  12  35  27  

Processing times: 14  13  16  22  19  16  19  24  10  19  25  14  17  19  9  15  9  25  9  17  13  23  24  15  17  

-------------------------------------------------------------------------------

Number of jobs: 25  Number of machines: 2

Initialization time: 1

Setup times: 30  11  6  20  23  21  19  9  11  34  28  24  20  28  31  29  8  28  23  30  34  33  32  22  10  

Processing times: 12  27  11  21  13  18  23  13  6  16  17  17  13  7  20  24  23  24  26  27  27  23  20  11  17  

-------------------------------------------------------------------------------

Number of jobs: 25  Number of machines: 2

Initialization time: 1

Setup times: 8  28  13  10  21  18  33  31  34  12  7  27  33  26  21  25  11  5  15  23  14  25  20  18  35  

Processing times: 21  19  18  7  13  23  12  27  6  6  12  16  11  22  14  27  26  7  6  9  5  11  16  27  27  

-------------------------------------------------------------------------------

Number of jobs: 25  Number of machines: 2

Initialization time: 1

Setup times: 18  29  28  25  26  16  16  32  13  17  22  15  12  25  16  30  16  15  23  17  6  25  25  7  11  

Processing times: 11  10  25  23  24  10  8  20  13  11  18  24  24  14  24  16  16  9  15  27  19  8  16  19  9  

-------------------------------------------------------------------------------

Number of jobs: 25  Number of machines: 2

Initialization time: 1

Setup times: 14  16  16  34  24  26  25  7  27  23  20  9  22  6  35  30  24  32  29  14  30  28  24  12  10  

Processing times: 8  8  9  18  15  14  6  14  6  13  12  9  7  16  5  10  24  26  25  17  5  23  16  25  21  

-------------------------------------------------------------------------------

Number of jobs: 25  Number of machines: 2

Initialization time: 1

Setup times: 34  23  34  11  20  25  5  22  18  23  11  18  12  25  12  21  12  18  8  12  31  8  11  10  16  

Processing times: 14  24  24  24  21  22  17  25  26  18  11  16  16  24  11  8  17  14  5  22  18  12  17  13  13  

-------------------------------------------------------------------------------

Number of jobs: 25  Number of machines: 2

Initialization time: 1

Setup times: 16  8  22  28  31  17  5  8  32  20  24  15  16  14  25  6  11  35  21  23  22  32  32  22  28  

Processing times: 5  25  13  23  14  5  23  7  5  8  26  5  10  12  20  18  6  24  27  12  15  17  16  25  22  

-------------------------------------------------------------------------------

Number of jobs: 25  Number of machines: 2

Initialization time: 1

Setup times: 33  16  18  28  34  7  26  16  20  26  17  7  10  13  25  20  27  22  15  12  24  34  9  14  26  

Processing times: 8  26  5  12  13  26  21  19  16  24  10  16  5  26  14  19  8  11  20  16  16  10  20  25  6  

-------------------------------------------------------------------------------

Number of jobs: 25  Number of machines: 2

Initialization time: 1

Setup times: 11  18  11  35  11  13  12  27  5  14  30  12  33  22  23  30  33  35  22  14  30  31  15  14  14  

Processing times: 12  5  21  10  27  26  9  23  22  19  8  9  16  15  12  25  20  15  8  15  27  7  12  13  27  

-------------------------------------------------------------------------------

Number of jobs: 25  Number of machines: 2

Initialization time: 1

Setup times: 12  29  34  30  31  21  31  25  27  8  25  9  19  20  34  30  16  27  34  13  22  10  22  12  21  

Processing times: 7  8  19  16  17  25  26  19  10  5  24  18  7  5  27  23  26  16  23  25  8  9  13  20  6  

-------------------------------------------------------------------------------

Number of jobs: 25  Number of machines: 2

Initialization time: 1

Setup times: 26  11  23  8  32  10  33  6  18  27  13  23  26  20  19  9  8  16  27  8  18  28  35  8  19  

Processing times: 9  16  26  8  7  6  26  23  27  24  15  8  7  7  13  24  15  6  11  15  20  25  20  19  8  

-------------------------------------------------------------------------------

Number of jobs: 25  Number of machines: 2

Initialization time: 1

Setup times: 10  24  11  16  25  22  22  16  15  35  15  25  7  28  25  24  35  16  24  30  11  27  9  27  18  

Processing times: 5  23  11  5  20  10  25  7  13  25  26  26  23  13  12  26  25  5  16  9  6  23  8  17  26  

-------------------------------------------------------------------------------

Number of jobs: 25  Number of machines: 2

Initialization time: 1

Setup times: 10  8  26  12  33  22  35  31  18  33  9  23  27  21  33  7  9  17  8  22  34  30  13  33  18  

Processing times: 14  11  13  15  22  15  27  26  22  17  21  20  8  14  9  18  10  27  9  16  12  8  23  22  12  

-------------------------------------------------------------------------------

Number of jobs: 25  Number of machines: 2

Initialization time: 1

Setup times: 16  23  7  32  6  33  13  28  30  21  14  19  19  28  26  15  30  33  30  18  35  26  28  32  8  

Processing times: 6  26  14  16  12  9  11  19  23  20  10  15  15  11  13  8  22  17  8  21  20  22  13  19  5  

-------------------------------------------------------------------------------

Number of jobs: 25  Number of machines: 2

Initialization time: 1

Setup times: 24  12  9  23  12  7  9  21  5  18  17  31  9  27  11  13  10  28  29  16  22  10  8  31  22  

Processing times: 27  14  17  21  23  26  10  17  12  21  21  18  13  13  16  18  23  12  23  7  26  7  8  26  13  

-------------------------------------------------------------------------------

Number of jobs: 25  Number of machines: 2

Initialization time: 1

Setup times: 7  22  22  15  12  28  12  17  20  24  16  35  12  32  23  13  5  5  7  23  5  18  20  12  19  

Processing times: 13  10  24  24  7  18  15  5  19  22  20  13  23  14  27  16  19  16  13  8  12  21  15  6  10  

-------------------------------------------------------------------------------

Number of jobs: 25  Number of machines: 2

Initialization time: 1

Setup times: 27  24  33  19  11  17  34  10  29  12  32  6  8  27  22  10  10  31  15  13  5  20  15  31  6  

Processing times: 16  19  23  25  13  15  10  26  20  10  22  25  25  25  19  23  11  22  18  27  22  16  11  9  25  

-------------------------------------------------------------------------------

Number of jobs: 25  Number of machines: 2

Initialization time: 1

Setup times: 21  30  13  7  18  8  13  17  15  8  19  32  29  18  10  8  17  13  25  6  35  27  26  7  31  

Processing times: 8  23  26  24  27  17  20  19  14  12  27  17  23  15  12  17  24  12  5  11  19  11  23  26  18  

-------------------------------------------------------------------------------

Number of jobs: 25  Number of machines: 2

Initialization time: 1

Setup times: 25  32  19  27  35  21  20  23  14  22  27  34  30  18  27  17  34  33  13  14  28  6  20  26  16  

Processing times: 15  8  7  13  6  6  10  18  7  12  10  20  10  10  23  16  8  13  12  16  10  18  17  20  6  

-------------------------------------------------------------------------------

Number of jobs: 25  Number of machines: 2

Initialization time: 1

Setup times: 32  12  28  25  22  14  21  5  35  11  6  8  10  23  30  10  35  31  34  13  15  24  14  13  12  

Processing times: 23  17  15  15  16  6  12  8  19  8  12  17  6  15  12  13  12  21  17  27  23  5  13  5  16  

-------------------------------------------------------------------------------

Number of jobs: 25  Number of machines: 2

Initialization time: 1

Setup times: 31  23  18  11  14  25  34  11  9  14  19  9  22  11  11  5  10  27  15  21  24  30  26  13  35  

Processing times: 23  13  22  25  12  9  10  16  26  22  18  16  23  7  9  17  15  10  23  23  20  7  16  5  7  

-------------------------------------------------------------------------------

Number of jobs: 25  Number of machines: 2

Initialization time: 1

Setup times: 13  14  17  17  16  21  31  19  28  27  10  25  13  31  30  35  23  25  29  32  11  30  25  34  19  

Processing times: 21  7  22  18  27  26  6  12  27  10  14  27  7  11  9  19  26  5  18  26  9  22  13  5  17  

-------------------------------------------------------------------------------

Number of jobs: 25  Number of machines: 2

Initialization time: 1

Setup times: 27  9  20  8  8  15  7  22  21  28  8  11  21  17  32  5  34  16  14  19  28  35  14  26  5  

Processing times: 15  13  5  18  16  9  6  12  13  17  16  9  14  10  10  11  22  27  25  21  5  5  26  8  17  

-------------------------------------------------------------------------------

Number of jobs: 25  Number of machines: 2

Initialization time: 1

Setup times: 25  18  16  20  18  5  12  6  31  20  33  5  30  28  8  18  31  14  35  14  6  6  30  5  8  

Processing times: 19  25  18  16  22  9  19  12  24  6  11  7  19  13  16  10  18  19  14  9  6  13  25  9  22  

-------------------------------------------------------------------------------

Number of jobs: 25  Number of machines: 2

Initialization time: 1

Setup times: 7  7  8  21  13  9  23  35  10  11  6  29  5  20  29  23  34  12  31  12  11  26  25  31  18  

Processing times: 9  10  10  13  23  7  26  7  12  5  16  18  20  22  25  18  6  23  25  9  27  20  24  13  11  

-------------------------------------------------------------------------------

Number of jobs: 25  Number of machines: 2

Initialization time: 1

Setup times: 26  10  18  18  33  23  20  22  12  7  35  15  31  20  12  6  28  10  18  29  9  9  19  18  27  

Processing times: 7  21  14  25  27  20  23  14  20  27  11  16  15  11  22  9  18  12  23  20  12  19  9  26  21  

-------------------------------------------------------------------------------

Number of jobs: 25  Number of machines: 2

Initialization time: 1

Setup times: 6  5  17  14  6  35  18  25  17  9  22  16  20  20  7  13  24  29  6  34  18  22  21  34  8  

Processing times: 11  15  25  24  16  14  22  18  19  23  25  10  21  10  19  16  20  10  25  22  24  18  19  21  9  

-------------------------------------------------------------------------------

Number of jobs: 25  Number of machines: 2

Initialization time: 1

Setup times: 24  30  29  19  17  27  14  8  28  12  22  35  34  24  12  27  11  26  19  27  16  11  18  20  13  

Processing times: 26  25  20  12  12  10  5  22  16  9  12  20  24  9  8  27  22  11  5  13  25  16  10  9  5  

-------------------------------------------------------------------------------

Number of jobs: 25  Number of machines: 2

Initialization time: 1

Setup times: 27  24  30  13  15  25  27  13  9  12  34  33  8  30  5  12  5  28  15  6  16  15  11  18  18  

Processing times: 19  6  15  16  20  22  9  8  26  21  21  15  8  20  22  6  26  5  16  6  20  27  15  7  6  

-------------------------------------------------------------------------------

Number of jobs: 25  Number of machines: 2

Initialization time: 1

Setup times: 17  27  17  14  9  33  7  27  33  33  26  30  27  22  24  17  35  28  12  26  18  30  5  22  10  

Processing times: 16  8  13  11  24  9  9  9  8  13  9  14  20  17  20  7  14  18  21  11  21  21  14  7  22  

-------------------------------------------------------------------------------

Number of jobs: 25  Number of machines: 2

Initialization time: 1

Setup times: 13  26  5  12  26  34  30  34  13  17  34  21  32  16  29  20  30  28  13  29  15  31  5  27  15  

Processing times: 15  9  13  19  10  8  19  17  11  17  15  18  20  17  9  12  22  26  17  21  13  24  26  12  26  

-------------------------------------------------------------------------------

Number of jobs: 25  Number of machines: 2

Initialization time: 1

Setup times: 21  28  19  35  28  18  30  21  30  20  31  5  15  12  16  16  34  35  22  27  21  31  29  24  17  

Processing times: 20  25  8  7  5  13  17  26  8  14  12  12  5  14  14  5  27  7  27  23  13  25  12  15  10  

-------------------------------------------------------------------------------

Number of jobs: 25  Number of machines: 2

Initialization time: 1

Setup times: 6  25  18  26  34  28  31  29  33  32  23  34  35  28  35  8  14  15  23  11  31  10  15  26  7  

Processing times: 23  17  5  18  10  19  26  13  9  15  15  20  22  12  10  23  16  23  18  5  12  19  16  26  23  

-------------------------------------------------------------------------------

Number of jobs: 25  Number of machines: 2

Initialization time: 1

Setup times: 22  27  24  5  6  5  33  19  9  32  21  30  25  15  7  11  12  17  21  19  8  12  9  34  33  

Processing times: 14  25  25  23  19  17  23  20  11  27  9  25  13  9  10  21  25  5  12  23  8  15  15  18  22  

-------------------------------------------------------------------------------

Number of jobs: 25  Number of machines: 2

Initialization time: 1

Setup times: 30  30  18  32  25  33  31  28  11  14  21  15  10  18  19  11  23  18  12  31  29  29  10  29  11  

Processing times: 8  14  11  17  19  22  10  20  13  24  19  25  26  19  13  11  7  14  27  14  13  22  11  27  5  

-------------------------------------------------------------------------------

Number of jobs: 25  Number of machines: 2

Initialization time: 1

Setup times: 11  23  31  12  19  25  19  27  5  19  24  16  10  31  10  19  30  32  21  5  25  14  20  22  34  

Processing times: 19  11  19  20  26  22  6  8  6  22  6  11  12  9  13  17  13  9  15  14  19  13  26  22  18  

-------------------------------------------------------------------------------

Number of jobs: 25  Number of machines: 2

Initialization time: 1

Setup times: 8  34  20  17  30  7  11  13  20  10  12  34  24  15  13  7  28  33  32  27  15  35  27  7  5  

Processing times: 9  20  18  20  7  7  19  14  15  11  9  14  22  12  7  27  11  12  25  20  27  10  22  10  21  

-------------------------------------------------------------------------------

Number of jobs: 25  Number of machines: 2

Initialization time: 1

Setup times: 17  11  33  26  5  27  11  14  34  10  27  24  32  12  30  14  21  19  22  14  10  7  7  34  21  

Processing times: 12  9  11  23  12  8  5  13  11  24  9  26  15  22  27  19  17  16  20  5  9  18  20  13  21  

-------------------------------------------------------------------------------

Number of jobs: 25  Number of machines: 2

Initialization time: 1

Setup times: 10  15  21  28  31  28  23  6  18  26  12  15  12  34  26  21  20  20  14  21  33  22  34  7  32  

Processing times: 16  18  15  7  13  6  14  27  24  23  16  21  25  23  23  11  13  9  21  27  20  24  10  9  25  

-------------------------------------------------------------------------------

Number of jobs: 25  Number of machines: 2

Initialization time: 1

Setup times: 13  16  9  26  35  35  34  33  29  26  30  15  13  7  32  7  11  23  21  15  8  11  22  18  24  

Processing times: 5  18  23  18  23  16  13  20  11  10  19  22  10  26  22  21  16  17  11  16  11  17  20  26  8  

-------------------------------------------------------------------------------

Number of jobs: 25  Number of machines: 2

Initialization time: 1

Setup times: 22  23  23  26  18  27  5  31  35  32  9  19  31  34  24  11  11  11  31  18  29  10  25  31  27  

Processing times: 14  25  12  27  27  13  9  27  6  22  9  8  24  15  13  22  11  9  17  6  10  12  11  14  8  

-------------------------------------------------------------------------------

Number of jobs: 25  Number of machines: 2

Initialization time: 1

Setup times: 5  26  7  9  14  31  11  31  17  24  15  14  12  24  14  11  18  20  10  16  30  33  27  20  29  

Processing times: 25  19  20  17  9  21  10  20  6  5  27  11  9  21  26  17  7  21  27  15  19  21  21  7  27  

-------------------------------------------------------------------------------

Number of jobs: 25  Number of machines: 2

Initialization time: 1

Setup times: 22  12  12  26  29  9  19  29  10  15  23  22  23  20  30  14  32  22  8  13  22  32  12  23  15  

Processing times: 25  17  7  7  25  16  14  17  26  24  24  13  16  5  10  20  20  10  16  20  13  9  19  21  13  

-------------------------------------------------------------------------------

Number of jobs: 25  Number of machines: 2

Initialization time: 1

Setup times: 35  32  35  19  23  27  31  35  23  21  7  21  28  29  29  14  29  10  24  14  11  14  8  23  24  

Processing times: 19  14  18  17  15  22  6  10  22  6  11  11  25  22  8  8  22  23  15  8  14  15  5  26  24  

-------------------------------------------------------------------------------

Number of jobs: 25  Number of machines: 2

Initialization time: 1

Setup times: 5  24  19  19  6  32  28  29  17  23  8  26  35  35  28  27  35  14  21  31  12  10  19  19  7  

Processing times: 23  22  12  19  5  12  16  27  26  23  8  15  27  15  11  15  23  23  21  21  27  19  10  18  9  



