Number of jobs: 25  Number of machines: 2

Initialization time: 1

Setup times: 31  27  5  31  27  28  27  29  18  16  16  35  13  24  13  13  30  6  28  14  26  32  34  30  6  

Processing times: 31  38  26  23  13  12  14  28  12  36  32  8  10  23  18  28  37  30  29  30  17  8  26  35  15  

-------------------------------------------------------------------------------

Number of jobs: 25  Number of machines: 2

Initialization time: 1

Setup times: 18  22  19  24  15  20  13  24  18  9  6  34  11  22  15  19  11  7  30  25  11  9  30  25  5  

Processing times: 34  12  10  10  24  17  19  22  34  36  22  28  8  37  14  19  23  11  33  10  14  16  30  13  8  

-------------------------------------------------------------------------------

Number of jobs: 25  Number of machines: 2

Initialization time: 1

Setup times: 18  15  7  12  17  17  22  18  24  9  18  25  13  16  5  5  34  34  9  21  7  11  33  34  7  

Processing times: 31  13  23  38  37  19  37  27  18  33  11  25  33  11  34  11  12  13  37  16  27  14  11  13  10  

-------------------------------------------------------------------------------

Number of jobs: 25  Number of machines: 2

Initialization time: 1

Setup times: 14  31  7  15  30  21  20  27  7  5  28  30  23  17  31  21  5  25  21  21  10  21  28  34  10  

Processing times: 13  13  19  15  27  24  23  26  30  16  30  33  11  17  37  11  13  17  22  28  15  33  8  17  24  

-------------------------------------------------------------------------------

Number of jobs: 25  Number of machines: 2

Initialization time: 1

Setup times: 13  21  7  34  26  9  16  9  6  32  12  8  30  23  33  25  22  23  23  28  18  25  9  16  10  

Processing times: 27  10  38  10  14  35  10  19  22  21  16  32  18  32  30  19  36  36  14  12  17  26  18  21  8  

-------------------------------------------------------------------------------

Number of jobs: 25  Number of machines: 2

Initialization time: 1

Setup times: 16  31  18  18  33  30  9  31  6  17  21  7  14  18  35  14  17  29  26  20  20  31  11  17  35  

Processing times: 18  20  16  26  23  11  28  26  26  21  10  22  13  36  17  34  9  35  28  28  12  9  32  36  14  

-------------------------------------------------------------------------------

Number of jobs: 25  Number of machines: 2

Initialization time: 1

Setup times: 30  17  15  34  9  31  16  21  6  19  21  20  20  33  30  5  16  29  7  18  15  29  11  11  14  

Processing times: 29  34  25  11  14  29  22  29  15  28  15  10  37  27  12  9  28  18  38  19  22  21  32  22  8  

-------------------------------------------------------------------------------

Number of jobs: 25  Number of machines: 2

Initialization time: 1

Setup times: 10  28  35  17  14  16  17  31  12  28  33  22  18  27  22  35  28  23  21  15  30  24  31  21  9  

Processing times: 37  17  31  21  28  33  9  26  24  13  38  24  20  18  10  20  31  10  9  18  16  31  8  31  16  

-------------------------------------------------------------------------------

Number of jobs: 25  Number of machines: 2

Initialization time: 1

Setup times: 14  22  14  35  33  12  5  17  10  25  13  27  20  32  17  35  18  7  12  11  6  31  19  9  30  

Processing times: 23  12  28  28  8  26  35  10  31  33  19  35  11  38  27  30  36  9  23  16  29  10  11  18  30  

-------------------------------------------------------------------------------

Number of jobs: 25  Number of machines: 2

Initialization time: 1

Setup times: 19  21  27  24  34  24  5  29  29  23  9  8  35  5  20  24  23  29  14  15  21  8  24  17  26  

Processing times: 18  11  27  33  18  36  35  17  9  25  27  33  37  33  21  21  31  26  35  36  9  11  26  18  17  

-------------------------------------------------------------------------------

Number of jobs: 25  Number of machines: 2

Initialization time: 1

Setup times: 13  14  12  5  26  19  35  8  28  18  27  8  25  25  20  10  20  30  24  10  19  10  30  17  8  

Processing times: 35  22  25  8  17  37  23  35  20  38  30  38  33  37  16  17  8  22  15  24  33  27  26  37  10  

-------------------------------------------------------------------------------

Number of jobs: 25  Number of machines: 2

Initialization time: 1

Setup times: 22  29  21  30  35  20  16  21  7  34  34  33  29  22  25  5  11  9  34  32  25  6  31  35  22  

Processing times: 10  30  15  35  17  38  10  15  36  18  29  26  12  34  26  30  13  36  28  22  24  36  11  8  13  

-------------------------------------------------------------------------------

Number of jobs: 25  Number of machines: 2

Initialization time: 1

Setup times: 16  24  25  15  24  13  23  26  28  16  11  28  12  22  20  33  6  12  13  5  15  26  15  28  34  

Processing times: 37  38  30  13  32  29  25  22  18  36  33  8  20  31  13  10  30  37  30  23  31  18  37  27  35  

-------------------------------------------------------------------------------

Number of jobs: 25  Number of machines: 2

Initialization time: 1

Setup times: 21  21  26  25  22  17  13  12  30  5  11  23  21  22  22  14  18  25  16  17  28  31  31  33  5  

Processing times: 30  37  15  23  24  25  22  31  36  30  24  21  17  33  23  26  31  33  20  27  18  35  17  29  26  

-------------------------------------------------------------------------------

Number of jobs: 25  Number of machines: 2

Initialization time: 1

Setup times: 29  9  23  11  27  9  25  13  34  28  10  23  14  32  34  8  9  13  11  21  16  7  31  8  6  

Processing times: 38  35  19  29  26  37  21  38  12  28  33  13  28  26  9  20  27  14  38  17  21  38  9  17  36  

-------------------------------------------------------------------------------

Number of jobs: 25  Number of machines: 2

Initialization time: 1

Setup times: 5  14  29  7  10  6  12  32  16  27  26  5  20  15  34  25  23  18  22  24  6  21  19  28  27  

Processing times: 21  23  29  26  38  16  8  28  11  34  32  37  15  25  32  17  29  29  25  16  26  18  20  15  24  

-------------------------------------------------------------------------------

Number of jobs: 25  Number of machines: 2

Initialization time: 1

Setup times: 17  25  15  5  15  26  19  10  14  21  34  12  9  12  13  29  5  14  15  19  34  24  12  33  22  

Processing times: 14  14  21  16  10  19  36  15  16  38  35  24  27  31  8  27  19  15  16  17  33  17  11  33  14  

-------------------------------------------------------------------------------

Number of jobs: 25  Number of machines: 2

Initialization time: 1

Setup times: 21  21  15  18  32  13  16  26  22  17  8  15  7  13  23  32  10  25  17  8  20  8  13  12  24  

Processing times: 38  19  34  19  29  31  23  22  28  23  23  38  24  11  32  14  8  20  10  20  18  31  22  17  23  

-------------------------------------------------------------------------------

Number of jobs: 25  Number of machines: 2

Initialization time: 1

Setup times: 8  33  19  17  25  12  35  33  30  5  31  34  15  30  30  17  20  17  24  8  24  35  15  22  34  

Processing times: 20  31  10  30  22  21  26  8  19  8  8  33  26  20  15  25  37  34  23  33  16  24  34  9  19  

-------------------------------------------------------------------------------

Number of jobs: 25  Number of machines: 2

Initialization time: 1

Setup times: 22  21  25  10  26  11  21  12  30  15  31  10  23  27  28  6  18  34  35  22  6  24  23  35  19  

Processing times: 33  22  20  25  22  17  8  35  30  26  36  17  20  20  30  15  21  12  34  23  26  10  10  20  9  

-------------------------------------------------------------------------------

Number of jobs: 25  Number of machines: 2

Initialization time: 1

Setup times: 34  20  31  8  12  27  24  27  13  11  19  7  21  11  28  9  6  19  16  32  30  33  14  35  25  

Processing times: 32  32  32  22  8  23  22  36  28  20  12  23  33  27  23  18  10  9  26  34  25  29  36  25  10  

-------------------------------------------------------------------------------

Number of jobs: 25  Number of machines: 2

Initialization time: 1

Setup times: 20  28  31  19  10  10  33  20  35  12  5  11  22  13  15  8  20  10  15  10  8  32  10  28  28  

Processing times: 32  27  27  18  36  18  35  24  36  34  29  20  21  20  8  31  14  33  8  14  36  27  24  14  28  

-------------------------------------------------------------------------------

Number of jobs: 25  Number of machines: 2

Initialization time: 1

Setup times: 29  8  34  31  20  26  19  29  35  10  6  10  19  8  19  15  35  18  29  19  25  8  26  25  30  

Processing times: 23  11  18  27  13  36  30  10  13  30  8  34  11  8  10  8  8  38  22  27  17  34  30  12  14  

-------------------------------------------------------------------------------

Number of jobs: 25  Number of machines: 2

Initialization time: 1

Setup times: 32  11  19  8  6  26  17  31  14  8  11  18  11  23  31  28  24  27  19  34  34  6  22  35  8  

Processing times: 27  9  30  30  19  31  26  17  37  37  22  27  22  31  24  36  33  25  14  21  36  25  38  12  12  

-------------------------------------------------------------------------------

Number of jobs: 25  Number of machines: 2

Initialization time: 1

Setup times: 33  25  14  15  5  27  21  30  33  28  28  6  24  32  27  30  34  25  10  32  20  33  21  34  13  

Processing times: 38  22  16  38  21  37  33  20  21  18  29  12  11  35  18  27  24  17  22  37  27  30  10  15  30  

-------------------------------------------------------------------------------

Number of jobs: 25  Number of machines: 2

Initialization time: 1

Setup times: 21  19  12  23  30  34  15  32  27  34  26  30  20  8  7  31  6  32  12  33  35  32  35  23  33  

Processing times: 10  9  27  20  30  34  27  19  35  38  20  35  33  20  36  24  9  14  32  16  38  11  15  14  25  

-------------------------------------------------------------------------------

Number of jobs: 25  Number of machines: 2

Initialization time: 1

Setup times: 10  5  22  15  9  35  8  6  35  9  13  15  9  20  30  11  34  11  24  16  27  12  18  11  31  

Processing times: 34  37  30  12  23  15  8  18  33  19  13  11  36  38  36  22  8  25  11  37  13  9  37  24  26  

-------------------------------------------------------------------------------

Number of jobs: 25  Number of machines: 2

Initialization time: 1

Setup times: 15  30  30  18  18  24  9  17  33  34  28  20  20  21  12  7  23  30  34  6  30  33  25  22  28  

Processing times: 19  30  25  20  13  26  29  14  20  36  28  32  19  38  20  36  16  38  28  11  22  27  9  22  12  

-------------------------------------------------------------------------------

Number of jobs: 25  Number of machines: 2

Initialization time: 1

Setup times: 16  33  6  32  17  16  32  16  6  9  15  29  25  10  8  22  7  8  23  15  18  7  14  28  6  

Processing times: 22  10  29  27  11  8  36  14  12  29  19  15  14  24  12  37  8  24  11  31  8  30  19  31  18  

-------------------------------------------------------------------------------

Number of jobs: 25  Number of machines: 2

Initialization time: 1

Setup times: 6  24  7  27  20  29  28  11  9  5  30  21  19  33  15  34  13  26  7  21  26  33  21  35  20  

Processing times: 26  15  8  26  18  21  34  17  31  13  35  15  10  34  27  24  37  37  37  17  28  38  9  9  38  

-------------------------------------------------------------------------------

Number of jobs: 25  Number of machines: 2

Initialization time: 1

Setup times: 13  23  23  21  20  25  19  21  28  30  15  35  33  31  30  24  6  30  20  13  8  30  20  21  24  

Processing times: 26  21  16  26  11  21  30  33  26  35  9  12  23  28  32  16  21  15  20  24  33  15  20  22  32  

-------------------------------------------------------------------------------

Number of jobs: 25  Number of machines: 2

Initialization time: 1

Setup times: 30  23  22  7  5  15  35  13  10  30  27  23  15  31  27  19  34  15  25  29  33  21  7  30  32  

Processing times: 24  26  21  35  14  25  21  9  19  11  17  18  13  19  9  34  34  14  29  13  26  20  28  32  35  

-------------------------------------------------------------------------------

Number of jobs: 25  Number of machines: 2

Initialization time: 1

Setup times: 24  22  23  19  14  21  13  13  9  21  17  26  33  6  19  34  34  18  28  9  33  24  22  20  16  

Processing times: 11  22  18  29  18  12  28  34  16  32  27  18  31  23  19  27  8  18  11  38  8  9  25  28  20  

-------------------------------------------------------------------------------

Number of jobs: 25  Number of machines: 2

Initialization time: 1

Setup times: 31  31  28  17  34  28  30  25  26  19  6  28  26  7  28  19  27  13  23  27  5  24  13  7  31  

Processing times: 36  37  22  26  34  17  13  24  14  22  9  18  9  25  24  36  26  28  8  12  38  37  13  33  32  

-------------------------------------------------------------------------------

Number of jobs: 25  Number of machines: 2

Initialization time: 1

Setup times: 10  24  7  11  11  5  16  17  9  22  18  33  9  29  8  6  15  26  14  6  32  27  35  11  13  

Processing times: 31  36  38  11  12  22  35  18  21  36  20  18  8  9  32  19  13  37  35  34  20  33  8  28  33  

-------------------------------------------------------------------------------

Number of jobs: 25  Number of machines: 2

Initialization time: 1

Setup times: 24  22  19  30  23  31  28  23  34  22  15  26  23  33  23  31  30  15  33  35  20  18  32  18  14  

Processing times: 38  21  38  26  38  8  22  30  25  31  31  25  18  15  15  28  12  27  30  17  35  32  11  37  24  

-------------------------------------------------------------------------------

Number of jobs: 25  Number of machines: 2

Initialization time: 1

Setup times: 16  29  15  12  30  31  26  11  33  18  14  29  23  21  12  27  25  6  30  34  26  20  5  19  5  

Processing times: 31  15  34  22  23  32  30  10  19  12  35  20  9  33  24  35  9  28  10  20  18  29  18  9  14  

-------------------------------------------------------------------------------

Number of jobs: 25  Number of machines: 2

Initialization time: 1

Setup times: 30  13  16  13  28  12  25  13  11  29  15  18  7  21  17  6  27  23  17  14  15  35  11  31  17  

Processing times: 31  10  20  16  25  35  19  19  22  33  30  19  15  9  9  20  20  12  27  17  10  20  12  15  8  

-------------------------------------------------------------------------------

Number of jobs: 25  Number of machines: 2

Initialization time: 1

Setup times: 29  22  21  35  30  25  14  19  26  23  9  29  10  8  30  25  23  31  9  31  27  5  21  25  28  

Processing times: 17  35  13  23  30  13  18  28  33  17  36  29  31  24  9  27  31  30  15  14  8  8  22  36  25  

-------------------------------------------------------------------------------

Number of jobs: 25  Number of machines: 2

Initialization time: 1

Setup times: 15  26  16  11  32  14  19  28  24  28  6  6  19  15  14  27  8  17  21  16  16  27  24  28  13  

Processing times: 16  13  35  16  37  37  31  33  27  14  13  26  32  24  15  22  11  18  32  15  37  30  36  23  36  

-------------------------------------------------------------------------------

Number of jobs: 25  Number of machines: 2

Initialization time: 1

Setup times: 35  35  12  30  25  20  26  6  27  7  28  9  19  15  12  26  32  7  35  5  10  15  31  9  33  

Processing times: 36  30  25  19  36  18  28  15  28  16  27  12  30  21  20  29  8  8  21  19  30  33  21  16  22  

-------------------------------------------------------------------------------

Number of jobs: 25  Number of machines: 2

Initialization time: 1

Setup times: 17  20  23  13  23  28  32  11  21  15  33  18  5  25  14  11  7  12  7  24  5  12  23  19  19  

Processing times: 30  18  15  28  38  28  13  15  21  22  38  20  12  29  18  33  9  25  11  17  25  10  18  24  16  

-------------------------------------------------------------------------------

Number of jobs: 25  Number of machines: 2

Initialization time: 1

Setup times: 6  26  32  31  17  5  33  35  7  34  33  17  29  9  31  6  32  28  33  10  32  34  35  31  30  

Processing times: 13  26  31  32  26  17  24  24  31  19  10  13  8  34  18  24  19  31  20  12  38  35  31  9  37  

-------------------------------------------------------------------------------

Number of jobs: 25  Number of machines: 2

Initialization time: 1

Setup times: 8  34  12  33  10  34  18  21  15  34  8  27  23  15  27  16  18  22  16  28  19  14  22  10  6  

Processing times: 12  14  17  27  38  28  36  23  25  35  34  14  14  13  34  30  35  34  35  14  14  23  28  31  14  

-------------------------------------------------------------------------------

Number of jobs: 25  Number of machines: 2

Initialization time: 1

Setup times: 22  12  16  8  32  25  11  23  26  17  15  30  10  24  25  33  31  27  20  35  10  13  7  24  26  

Processing times: 23  34  36  38  37  33  17  11  29  21  21  32  29  27  19  36  27  14  29  27  34  38  22  8  19  

-------------------------------------------------------------------------------

Number of jobs: 25  Number of machines: 2

Initialization time: 1

Setup times: 12  19  6  25  10  23  31  10  18  6  27  12  17  10  22  26  28  27  29  14  5  5  8  9  10  

Processing times: 28  20  10  35  20  18  25  35  37  20  25  32  12  8  36  35  27  37  37  27  20  31  20  10  28  

-------------------------------------------------------------------------------

Number of jobs: 25  Number of machines: 2

Initialization time: 1

Setup times: 14  13  34  35  35  23  27  14  11  31  8  10  8  12  14  11  13  12  5  7  15  18  21  26  9  

Processing times: 8  36  32  9  26  30  23  26  30  8  26  9  34  10  34  13  24  27  26  11  36  36  24  15  36  

-------------------------------------------------------------------------------

Number of jobs: 25  Number of machines: 2

Initialization time: 1

Setup times: 17  29  15  15  10  26  31  31  20  34  21  11  25  35  7  28  29  16  9  23  20  23  26  15  23  

Processing times: 37  18  36  21  18  18  22  37  12  27  8  17  31  29  34  32  33  24  17  32  26  35  25  28  12  

-------------------------------------------------------------------------------

Number of jobs: 25  Number of machines: 2

Initialization time: 1

Setup times: 16  27  6  14  19  11  35  22  29  14  29  8  23  5  24  10  16  11  27  30  29  30  32  27  21  

Processing times: 11  14  35  16  16  23  24  15  30  9  13  10  33  35  14  32  31  37  13  15  17  29  32  10  28  

-------------------------------------------------------------------------------

Number of jobs: 25  Number of machines: 2

Initialization time: 1

Setup times: 32  11  19  24  17  33  34  17  30  26  14  30  11  8  23  25  33  25  21  18  12  18  11  8  19  

Processing times: 30  14  21  22  9  32  34  18  36  13  18  26  22  8  20  11  31  17  16  17  28  23  36  22  28  


