Number of jobs: 50  Number of machines: 2

Initialization time: 1

Setup times: 33  6  9  22  24  18  35  24  5  33  34  6  11  33  16  8  14  27  13  29  35  22  13  10  10  18  10  22  22  25  35  25  5  30  13  28  18  14  20  19  30  6  35  22  13  26  14  31  15  29  

Processing times: 79  60  91  88  65  72  73  71  96  100  72  62  71  96  80  91  96  68  70  77  92  78  61  82  80  73  84  82  99  89  94  100  71  98  62  75  65  83  90  99  60  86  97  72  93  90  73  79  70  100  

-------------------------------------------------------------------------------

Number of jobs: 50  Number of machines: 2

Initialization time: 1

Setup times: 6  21  19  21  11  23  23  13  9  21  31  22  14  10  11  5  9  6  9  9  33  17  35  8  14  12  16  24  7  19  19  20  23  10  17  31  33  6  24  28  18  25  11  7  25  10  30  34  28  35  

Processing times: 81  73  82  77  84  83  67  93  60  61  75  88  90  98  78  66  60  91  77  97  67  68  84  98  88  100  92  91  80  77  91  70  60  73  73  72  85  92  99  60  96  72  78  93  98  82  70  77  99  98  

-------------------------------------------------------------------------------

Number of jobs: 50  Number of machines: 2

Initialization time: 1

Setup times: 18  31  7  9  35  23  12  10  35  9  30  26  18  35  22  24  24  20  16  29  17  20  11  28  16  28  33  21  27  9  28  33  18  16  24  17  25  20  34  14  16  29  25  9  14  19  10  20  15  16  

Processing times: 88  82  70  93  89  72  91  97  83  96  79  85  77  64  75  82  91  92  71  66  76  72  94  94  100  83  84  65  63  60  75  76  74  60  61  78  79  73  76  69  86  75  74  91  72  81  96  87  85  99  

-------------------------------------------------------------------------------

Number of jobs: 50  Number of machines: 2

Initialization time: 1

Setup times: 26  7  13  9  31  20  10  23  27  30  27  14  20  28  33  33  11  32  9  10  7  33  12  16  32  29  14  29  27  34  21  15  22  15  25  23  8  8  15  20  16  23  33  17  15  5  8  29  6  34  

Processing times: 92  65  87  95  100  71  99  95  95  93  64  83  96  64  98  66  75  96  64  97  99  93  68  90  94  90  82  67  62  69  61  66  72  86  70  98  94  75  91  60  98  77  65  62  93  64  70  91  95  60  

-------------------------------------------------------------------------------

Number of jobs: 50  Number of machines: 2

Initialization time: 1

Setup times: 8  25  5  9  14  5  34  12  28  32  26  28  23  31  26  22  7  19  14  31  30  9  32  13  32  30  9  19  32  31  8  7  26  22  11  23  28  5  23  31  15  14  17  19  22  31  22  10  26  15  

Processing times: 73  63  99  78  69  79  73  78  100  77  98  61  94  94  64  96  60  76  69  83  68  82  88  65  77  78  74  88  66  76  61  78  63  61  93  92  69  82  91  60  67  99  86  99  93  77  84  82  75  82  

-------------------------------------------------------------------------------

Number of jobs: 50  Number of machines: 2

Initialization time: 1

Setup times: 17  26  29  5  16  9  11  12  7  22  30  15  32  14  33  20  15  8  22  35  13  27  35  26  30  25  30  24  16  17  26  10  19  27  26  29  15  20  23  14  32  17  19  7  29  18  30  27  30  27  

Processing times: 97  64  89  85  85  62  87  90  82  96  60  84  78  84  99  78  96  98  95  68  90  80  93  92  86  75  84  87  91  69  77  93  92  88  75  87  92  76  92  94  69  82  62  85  70  60  98  83  68  94  

-------------------------------------------------------------------------------

Number of jobs: 50  Number of machines: 2

Initialization time: 1

Setup times: 24  12  9  35  8  22  23  18  27  31  28  21  18  16  17  29  31  9  17  15  27  20  28  26  16  21  33  15  6  23  33  32  18  9  30  17  7  27  12  23  25  22  13  18  8  34  22  18  21  18  

Processing times: 79  100  87  99  64  92  77  62  76  88  62  86  79  75  68  71  77  95  98  63  75  90  79  66  94  87  75  68  64  77  76  84  100  64  82  71  76  76  92  94  88  92  70  60  90  98  91  68  90  92  

-------------------------------------------------------------------------------

Number of jobs: 50  Number of machines: 2

Initialization time: 1

Setup times: 18  32  29  33  14  5  10  35  11  9  19  12  34  16  29  6  9  8  20  10  23  9  29  15  34  19  7  6  21  17  31  31  12  9  7  24  14  32  6  20  31  12  19  33  9  21  9  25  5  18  

Processing times: 81  87  65  87  81  84  61  73  72  89  70  77  71  60  75  75  74  95  77  100  88  87  79  78  79  69  88  92  87  87  98  100  63  63  61  98  63  73  99  90  70  88  82  65  78  99  77  67  93  92  

-------------------------------------------------------------------------------

Number of jobs: 50  Number of machines: 2

Initialization time: 1

Setup times: 21  25  6  22  6  27  18  7  10  34  32  23  7  20  19  22  22  22  14  5  11  26  16  12  35  30  33  12  34  7  8  33  9  23  5  18  8  19  9  9  8  6  19  10  12  30  31  12  32  22  

Processing times: 62  98  92  75  95  67  81  76  97  98  72  95  95  99  84  86  71  85  79  68  87  61  92  96  63  91  99  63  84  82  98  65  95  73  63  79  78  79  94  75  72  70  95  80  65  72  86  97  85  89  

-------------------------------------------------------------------------------

Number of jobs: 50  Number of machines: 2

Initialization time: 1

Setup times: 6  27  9  14  14  6  35  35  19  32  18  19  20  8  18  13  14  25  18  22  14  23  5  26  31  5  35  28  20  12  22  23  28  31  16  20  5  16  22  29  29  14  24  12  27  29  21  35  7  15  

Processing times: 60  86  97  78  83  100  73  100  64  96  76  85  93  82  81  61  77  78  82  93  80  76  72  80  92  97  68  60  100  99  83  70  63  100  77  100  60  95  75  91  88  80  63  63  68  60  98  92  74  92  

-------------------------------------------------------------------------------

Number of jobs: 50  Number of machines: 2

Initialization time: 1

Setup times: 17  12  16  16  10  32  12  16  21  19  34  7  28  34  34  9  9  17  8  9  26  19  26  14  8  13  33  8  20  16  25  23  19  24  34  20  19  14  6  27  25  35  35  16  32  23  8  22  11  28  

Processing times: 60  78  65  69  91  95  95  65  100  69  74  69  92  76  82  72  98  94  66  89  75  74  92  94  96  97  68  88  99  90  64  77  63  64  84  87  75  75  93  70  80  67  97  91  85  86  79  61  99  69  

-------------------------------------------------------------------------------

Number of jobs: 50  Number of machines: 2

Initialization time: 1

Setup times: 30  21  11  9  16  17  28  7  5  12  11  13  19  10  27  26  5  6  21  6  25  30  5  13  10  15  12  15  7  9  11  32  25  11  16  22  19  29  10  27  15  31  20  12  16  5  30  14  10  27  

Processing times: 80  66  64  82  85  67  74  60  88  95  92  63  72  65  89  79  94  60  67  78  90  75  67  86  90  62  70  66  71  65  93  67  71  84  69  90  67  94  96  85  80  92  86  89  66  61  63  85  82  83  

-------------------------------------------------------------------------------

Number of jobs: 50  Number of machines: 2

Initialization time: 1

Setup times: 26  21  35  23  6  14  23  34  25  7  19  33  12  26  11  34  12  12  19  12  17  5  19  20  14  17  20  11  24  6  5  9  34  25  11  31  11  17  31  5  5  5  32  20  29  21  33  24  19  13  

Processing times: 68  69  98  70  97  75  67  73  92  86  94  94  82  69  94  85  68  81  68  96  83  85  60  65  85  79  84  90  81  67  74  92  78  76  90  66  73  94  91  83  66  63  85  83  88  82  83  85  82  90  

-------------------------------------------------------------------------------

Number of jobs: 50  Number of machines: 2

Initialization time: 1

Setup times: 35  17  26  19  17  20  5  28  9  31  6  10  15  5  24  20  21  32  16  23  25  33  30  31  22  28  30  12  21  23  9  30  19  27  15  8  17  8  12  25  27  9  27  9  12  11  19  29  5  35  

Processing times: 61  71  81  90  76  76  88  94  65  75  75  98  86  67  99  92  99  98  84  67  61  82  86  67  91  82  99  93  67  68  67  68  90  67  75  61  91  86  66  85  78  61  83  66  95  80  65  71  75  87  

-------------------------------------------------------------------------------

Number of jobs: 50  Number of machines: 2

Initialization time: 1

Setup times: 35  18  6  10  5  5  31  8  12  12  5  5  28  30  28  30  22  20  11  17  24  23  11  27  22  11  22  14  31  11  21  10  23  15  26  26  35  18  35  10  15  28  30  20  21  17  7  30  12  21  

Processing times: 74  92  76  89  95  80  73  68  65  65  84  71  99  89  86  60  76  88  60  87  74  60  71  65  74  95  88  69  100  62  71  82  77  78  100  72  65  84  78  94  99  60  81  92  89  83  63  79  98  89  

-------------------------------------------------------------------------------

Number of jobs: 50  Number of machines: 2

Initialization time: 1

Setup times: 27  24  10  26  24  15  17  18  13  26  21  18  9  30  14  22  29  35  13  6  7  25  24  21  33  14  18  31  34  13  31  24  14  6  33  14  17  27  9  12  33  29  18  9  32  9  15  19  19  33  

Processing times: 99  82  94  77  85  91  100  91  85  65  62  79  99  91  91  89  67  96  91  85  87  62  60  83  63  81  66  66  65  79  81  96  70  72  84  80  63  69  66  65  65  94  89  77  93  66  75  95  83  69  

-------------------------------------------------------------------------------

Number of jobs: 50  Number of machines: 2

Initialization time: 1

Setup times: 15  12  25  19  5  11  10  17  26  16  27  35  8  32  13  12  35  19  28  35  28  34  27  6  15  34  17  9  33  9  13  35  15  16  22  21  5  32  28  18  17  11  35  30  33  19  21  13  20  8  

Processing times: 92  96  61  66  75  98  85  60  99  95  62  67  89  76  88  64  94  84  81  69  95  86  72  85  94  75  77  92  78  62  85  78  92  87  74  66  82  63  77  90  62  91  62  69  68  92  62  75  91  80  

-------------------------------------------------------------------------------

Number of jobs: 50  Number of machines: 2

Initialization time: 1

Setup times: 13  8  13  32  5  22  21  24  34  22  34  11  13  15  31  20  27  14  21  7  13  35  8  27  11  12  29  15  21  22  20  9  34  23  16  19  6  15  24  14  28  28  32  31  28  11  30  22  19  7  

Processing times: 96  65  79  82  89  83  93  62  66  78  94  97  61  85  72  99  84  88  60  93  92  98  63  62  88  83  91  67  93  85  96  79  79  96  85  63  67  94  77  64  88  61  79  88  62  64  66  72  76  100  

-------------------------------------------------------------------------------

Number of jobs: 50  Number of machines: 2

Initialization time: 1

Setup times: 5  19  22  24  24  11  18  8  20  18  35  6  32  25  10  9  10  31  22  30  11  21  5  19  30  32  7  20  33  29  34  18  24  8  11  23  23  7  10  24  8  21  8  34  13  28  9  30  27  24  

Processing times: 66  80  79  82  60  84  94  89  80  63  65  61  88  80  98  89  66  70  88  99  82  61  90  66  60  88  91  82  82  75  99  90  64  65  84  97  87  92  67  99  61  74  88  80  91  70  77  63  61  80  

-------------------------------------------------------------------------------

Number of jobs: 50  Number of machines: 2

Initialization time: 1

Setup times: 10  25  34  20  18  6  9  12  30  15  12  28  7  11  35  23  23  10  20  20  20  24  16  31  18  24  12  30  30  22  9  17  30  32  23  11  30  13  17  11  33  12  25  29  16  30  33  15  13  25  

Processing times: 60  86  86  71  72  76  82  97  95  62  99  72  95  88  79  79  67  93  65  71  82  82  81  80  72  69  87  65  60  87  69  69  85  70  83  77  66  67  98  98  83  78  70  60  73  81  95  97  73  70  

-------------------------------------------------------------------------------

Number of jobs: 50  Number of machines: 2

Initialization time: 1

Setup times: 31  13  19  35  14  30  20  11  19  5  12  28  21  17  14  7  34  27  23  6  26  12  22  20  14  34  14  12  22  24  8  8  9  24  5  24  24  20  7  7  35  8  35  31  33  13  30  8  30  32  

Processing times: 62  87  88  70  77  97  74  63  79  80  91  81  79  90  100  87  62  68  91  90  73  69  83  74  61  76  62  62  92  75  99  78  81  100  91  64  83  63  76  80  74  79  73  70  68  75  77  75  100  81  

-------------------------------------------------------------------------------

Number of jobs: 50  Number of machines: 2

Initialization time: 1

Setup times: 16  17  24  26  25  14  11  14  28  8  7  27  7  9  22  21  19  24  26  26  17  22  26  9  30  6  11  35  11  14  33  11  12  35  10  16  30  19  7  22  10  9  13  7  34  21  6  32  10  9  

Processing times: 74  93  67  66  68  100  67  100  77  94  92  79  85  98  99  67  74  91  99  63  75  97  72  93  63  98  73  72  65  90  77  68  82  66  76  65  96  99  77  63  75  66  74  86  100  65  78  63  74  92  

-------------------------------------------------------------------------------

Number of jobs: 50  Number of machines: 2

Initialization time: 1

Setup times: 5  26  17  20  19  29  25  24  24  8  9  25  14  24  13  28  10  16  28  6  32  30  14  17  25  8  30  21  30  31  6  23  20  6  7  21  18  5  12  13  21  30  7  20  29  24  5  7  7  5  

Processing times: 76  80  66  99  91  75  72  95  71  71  96  92  87  91  61  62  78  87  80  98  71  99  68  91  76  92  70  93  78  100  86  77  60  87  70  63  91  74  95  81  65  68  66  96  76  77  87  82  85  86  

-------------------------------------------------------------------------------

Number of jobs: 50  Number of machines: 2

Initialization time: 1

Setup times: 5  19  5  17  27  17  8  20  14  7  25  25  31  5  28  27  21  7  16  14  11  11  6  33  21  11  8  28  30  12  11  34  18  28  25  12  6  25  10  34  30  22  21  35  5  10  7  7  33  16  

Processing times: 83  100  95  81  92  82  98  83  63  99  89  80  76  90  82  81  80  97  75  92  84  96  95  96  86  93  99  71  64  79  63  87  92  71  95  65  76  61  86  61  75  61  64  79  74  65  63  93  93  62  

-------------------------------------------------------------------------------

Number of jobs: 50  Number of machines: 2

Initialization time: 1

Setup times: 27  13  32  20  9  12  26  31  34  19  8  35  34  35  21  35  17  16  10  28  8  26  6  19  8  11  15  26  17  26  9  17  17  15  5  5  9  28  22  26  12  28  27  14  35  10  34  9  25  29  

Processing times: 75  94  72  91  90  76  87  83  98  60  76  87  87  71  61  83  79  62  76  79  96  66  73  93  82  97  82  67  99  100  61  89  78  94  75  83  71  100  74  85  90  88  83  93  69  78  62  98  96  83  

-------------------------------------------------------------------------------

Number of jobs: 50  Number of machines: 2

Initialization time: 1

Setup times: 10  22  7  5  29  34  15  15  28  28  10  13  19  15  35  28  34  31  25  15  30  12  19  10  8  24  8  13  6  10  12  26  34  31  9  29  30  18  5  24  25  17  31  16  32  19  26  10  26  30  

Processing times: 60  88  74  62  87  76  74  65  67  98  66  80  83  94  60  81  89  74  82  60  72  88  79  78  71  60  89  63  85  81  90  62  72  89  99  91  88  74  81  81  81  74  75  90  72  69  84  68  66  75  

-------------------------------------------------------------------------------

Number of jobs: 50  Number of machines: 2

Initialization time: 1

Setup times: 11  35  6  5  13  22  9  23  18  17  13  29  32  33  11  15  9  13  13  26  31  34  28  8  25  11  20  15  27  28  12  5  7  9  30  24  32  20  31  6  35  9  17  29  22  6  12  23  28  27  

Processing times: 99  87  77  96  66  99  70  66  60  74  84  92  60  82  98  68  68  69  98  89  78  94  60  86  85  74  90  67  100  88  67  99  84  61  100  65  99  96  61  87  63  83  88  69  87  60  90  60  71  99  

-------------------------------------------------------------------------------

Number of jobs: 50  Number of machines: 2

Initialization time: 1

Setup times: 20  31  8  33  33  30  10  21  16  18  26  7  34  20  35  11  23  19  21  25  10  27  27  7  35  13  9  25  28  12  10  25  6  29  9  16  12  18  9  31  29  21  8  13  9  20  34  9  23  20  

Processing times: 75  98  64  67  89  93  69  99  80  96  98  85  62  79  84  92  100  93  67  87  77  81  96  93  88  97  97  60  79  97  72  75  94  80  82  85  66  86  74  86  65  82  72  72  100  95  98  80  81  83  

-------------------------------------------------------------------------------

Number of jobs: 50  Number of machines: 2

Initialization time: 1

Setup times: 31  10  21  22  24  24  19  26  26  15  5  26  19  35  29  13  30  21  7  19  13  19  21  14  21  19  34  24  9  35  27  12  14  23  29  27  15  23  25  27  26  25  16  7  32  18  26  8  14  6  

Processing times: 99  84  72  88  80  97  64  91  91  82  65  84  70  73  99  76  74  95  83  85  96  96  74  89  97  74  75  65  84  80  62  71  74  75  81  63  96  98  66  80  71  72  100  88  94  65  78  68  74  80  

-------------------------------------------------------------------------------

Number of jobs: 50  Number of machines: 2

Initialization time: 1

Setup times: 17  13  12  32  20  6  22  15  16  9  6  29  8  35  10  13  10  15  6  9  35  27  7  16  5  9  32  22  35  9  15  9  25  25  14  25  16  23  5  35  25  27  30  34  20  9  6  33  7  31  

Processing times: 100  94  82  70  74  97  95  68  95  77  84  92  73  82  66  88  72  63  83  61  77  60  69  66  71  83  94  74  97  88  85  85  70  62  88  100  67  63  63  80  78  70  97  86  77  60  66  80  71  72  

-------------------------------------------------------------------------------

Number of jobs: 50  Number of machines: 2

Initialization time: 1

Setup times: 33  28  22  30  29  22  30  15  14  20  14  7  34  12  6  31  15  6  14  14  30  17  27  27  7  19  22  17  5  33  5  18  22  12  22  14  30  28  25  5  17  33  6  9  23  13  9  29  33  5  

Processing times: 71  91  66  86  86  90  85  100  77  67  91  69  78  71  94  73  66  96  84  85  90  75  66  72  81  80  94  93  78  64  70  96  73  89  92  63  64  85  79  66  67  79  76  79  62  83  90  75  84  80  

-------------------------------------------------------------------------------

Number of jobs: 50  Number of machines: 2

Initialization time: 1

Setup times: 21  12  33  12  19  9  8  8  12  29  33  32  10  6  13  21  9  12  8  25  5  31  22  24  8  21  28  9  28  8  25  30  28  17  28  19  11  8  25  9  27  12  21  16  8  17  12  25  18  7  

Processing times: 84  75  83  96  60  97  76  72  100  91  71  60  67  81  64  100  93  60  85  65  93  79  74  91  77  75  63  70  97  64  90  98  79  100  81  98  100  76  98  61  74  60  61  81  62  71  68  90  64  83  

-------------------------------------------------------------------------------

Number of jobs: 50  Number of machines: 2

Initialization time: 1

Setup times: 25  16  30  18  33  16  22  35  7  11  9  10  9  26  8  22  35  16  27  12  34  6  7  9  8  20  27  16  8  10  7  12  16  25  31  26  33  9  30  31  8  20  6  13  9  12  18  16  15  6  

Processing times: 66  94  77  82  83  81  62  64  97  86  72  67  82  70  84  95  72  66  67  77  62  71  98  83  90  67  68  91  86  80  95  64  99  80  98  81  86  61  92  91  99  78  79  65  76  60  88  97  68  75  

-------------------------------------------------------------------------------

Number of jobs: 50  Number of machines: 2

Initialization time: 1

Setup times: 21  9  13  19  5  13  20  31  34  11  8  20  18  16  10  5  27  10  7  33  23  28  7  21  10  35  18  28  27  27  28  23  29  6  28  16  19  14  7  16  31  31  28  12  29  19  11  31  14  10  

Processing times: 65  89  77  79  89  95  61  76  97  67  88  93  95  75  73  60  90  64  68  88  75  84  69  75  84  66  71  83  71  65  100  87  72  65  88  91  89  82  74  96  76  63  84  74  93  74  93  73  69  79  

-------------------------------------------------------------------------------

Number of jobs: 50  Number of machines: 2

Initialization time: 1

Setup times: 21  33  30  6  21  15  32  23  13  35  19  5  13  7  19  8  22  13  5  28  20  31  9  34  18  9  8  28  20  25  12  27  23  26  8  14  13  16  26  8  29  32  28  5  8  15  24  35  17  19  

Processing times: 63  68  76  100  65  86  97  74  95  91  100  79  91  68  60  80  71  98  97  71  69  91  72  81  63  70  75  61  84  94  67  64  62  76  89  66  69  73  96  90  79  77  96  79  75  100  64  66  87  80  

-------------------------------------------------------------------------------

Number of jobs: 50  Number of machines: 2

Initialization time: 1

Setup times: 7  13  13  9  33  35  8  22  23  20  12  32  31  24  28  22  12  24  22  35  26  33  9  6  33  23  19  35  29  11  19  9  19  7  12  33  22  13  15  32  31  5  33  22  31  35  5  13  19  9  

Processing times: 66  78  88  80  74  60  81  74  96  70  96  74  74  84  60  73  90  80  74  73  88  86  75  98  63  83  87  92  83  98  79  61  100  65  78  75  100  71  91  89  90  96  80  77  65  68  98  78  76  86  

-------------------------------------------------------------------------------

Number of jobs: 50  Number of machines: 2

Initialization time: 1

Setup times: 28  13  35  16  15  20  15  16  12  24  33  15  15  17  33  29  9  21  21  22  6  29  28  32  30  25  12  28  21  5  31  14  16  31  16  22  7  24  23  13  17  32  13  8  16  24  23  30  14  30  

Processing times: 89  62  73  61  95  76  66  63  79  94  92  94  69  85  75  83  77  83  85  60  69  83  81  85  92  71  84  72  97  67  80  99  82  93  86  61  63  68  98  78  98  65  69  77  92  77  81  91  71  89  

-------------------------------------------------------------------------------

Number of jobs: 50  Number of machines: 2

Initialization time: 1

Setup times: 9  8  9  13  22  32  11  10  29  29  26  5  10  11  23  9  27  29  18  29  33  8  16  6  20  10  24  20  27  12  17  15  8  21  9  20  28  16  20  6  35  10  29  6  22  23  30  32  19  34  

Processing times: 93  60  71  81  62  90  79  87  70  83  76  90  75  65  93  87  69  98  90  66  81  91  91  82  60  76  87  77  75  93  70  100  94  82  97  94  95  95  72  86  62  99  78  76  89  61  96  94  69  73  

-------------------------------------------------------------------------------

Number of jobs: 50  Number of machines: 2

Initialization time: 1

Setup times: 9  34  16  20  26  19  22  27  22  20  17  22  29  13  33  23  26  31  25  15  13  26  35  20  14  13  21  26  24  9  5  29  33  34  13  6  29  5  19  11  21  33  5  11  35  6  23  9  13  9  

Processing times: 60  85  74  68  72  95  80  73  70  62  75  76  92  91  60  81  77  63  62  71  80  62  70  64  69  89  60  79  94  63  97  80  98  98  76  95  73  64  62  80  65  86  93  82  86  87  64  88  92  80  

-------------------------------------------------------------------------------

Number of jobs: 50  Number of machines: 2

Initialization time: 1

Setup times: 23  28  32  19  27  24  14  13  24  33  22  24  14  8  22  16  5  10  7  20  11  15  28  34  28  9  11  25  25  33  18  24  31  15  14  22  20  34  15  16  32  13  14  23  33  8  27  15  27  22  

Processing times: 93  73  77  96  79  79  95  92  87  62  67  76  73  77  96  64  98  83  61  70  67  98  62  66  72  89  62  95  99  86  93  85  73  77  82  61  77  70  62  65  67  63  67  77  73  72  88  92  81  64  

-------------------------------------------------------------------------------

Number of jobs: 50  Number of machines: 2

Initialization time: 1

Setup times: 22  31  13  16  10  6  20  24  5  31  26  35  18  18  31  32  7  18  18  13  29  28  10  23  24  26  21  25  29  28  30  10  16  17  7  20  34  23  20  35  19  23  19  25  14  13  6  20  15  22  

Processing times: 97  85  69  78  77  87  96  66  76  92  85  95  70  99  63  73  94  70  100  91  86  63  100  75  94  92  90  65  64  97  97  88  66  91  93  80  62  88  98  66  97  97  88  75  74  89  72  76  79  89  

-------------------------------------------------------------------------------

Number of jobs: 50  Number of machines: 2

Initialization time: 1

Setup times: 8  10  28  28  10  23  33  5  16  30  10  34  16  25  13  20  23  9  33  29  8  6  16  28  31  14  5  7  19  35  10  26  27  7  30  30  9  13  18  9  18  28  17  21  20  23  16  9  29  12  

Processing times: 92  79  62  91  63  61  70  95  75  89  88  65  68  71  99  65  95  66  92  94  95  87  76  64  95  83  66  96  62  68  94  75  78  84  71  92  84  93  65  80  75  86  70  89  86  75  67  78  73  65  

-------------------------------------------------------------------------------

Number of jobs: 50  Number of machines: 2

Initialization time: 1

Setup times: 8  6  35  25  31  30  9  21  19  18  12  29  15  12  9  9  28  23  8  20  34  23  7  26  35  7  24  12  16  6  35  29  34  8  29  24  28  32  21  17  15  29  15  6  21  23  12  12  13  25  

Processing times: 62  92  67  95  85  61  100  91  77  96  61  95  97  96  62  79  63  62  62  91  74  99  74  85  92  93  72  100  66  100  100  74  99  74  90  81  82  61  62  77  100  85  94  72  67  69  61  73  88  89  

-------------------------------------------------------------------------------

Number of jobs: 50  Number of machines: 2

Initialization time: 1

Setup times: 10  14  8  6  17  25  25  11  20  19  24  20  27  12  13  10  15  29  8  18  35  35  23  8  35  15  9  17  33  17  6  34  13  26  10  19  16  19  12  14  21  28  27  9  28  27  17  19  26  26  

Processing times: 72  65  99  83  87  91  86  68  96  83  64  64  69  86  82  90  64  70  63  90  79  96  72  90  63  60  68  80  79  63  91  97  83  92  88  73  79  74  94  86  81  80  96  100  98  61  71  93  62  70  

-------------------------------------------------------------------------------

Number of jobs: 50  Number of machines: 2

Initialization time: 1

Setup times: 31  31  24  5  32  31  11  33  15  16  11  11  20  17  18  19  10  25  17  31  18  29  12  22  22  22  33  26  5  9  28  23  20  16  23  29  31  7  10  23  8  19  16  35  33  25  34  19  5  26  

Processing times: 85  60  96  94  78  62  92  70  92  97  78  91  75  83  99  76  86  67  97  66  62  66  92  67  67  74  65  60  91  97  68  73  62  79  66  82  85  93  89  63  100  72  62  81  88  70  82  95  98  91  

-------------------------------------------------------------------------------

Number of jobs: 50  Number of machines: 2

Initialization time: 1

Setup times: 21  25  19  27  7  16  14  10  7  19  23  31  31  6  19  25  26  18  27  9  19  32  19  30  6  14  27  33  10  24  10  34  19  27  28  30  11  31  27  18  32  10  11  23  32  19  21  22  11  26  

Processing times: 63  82  98  72  95  100  75  65  88  77  97  79  87  69  69  63  76  87  80  69  73  99  81  67  87  71  71  88  76  88  93  86  81  99  75  94  64  91  90  64  70  63  60  82  85  77  80  83  80  62  

-------------------------------------------------------------------------------

Number of jobs: 50  Number of machines: 2

Initialization time: 1

Setup times: 22  32  30  5  19  19  5  23  31  17  30  13  29  32  6  17  32  14  35  13  7  33  18  22  6  21  10  17  6  5  30  17  24  34  21  21  11  17  23  35  16  27  17  29  10  33  17  10  23  29  

Processing times: 65  78  62  79  97  60  81  83  82  82  80  69  68  65  85  68  62  78  67  76  100  80  75  100  90  74  67  95  93  82  80  73  96  96  95  86  83  67  97  62  65  68  64  89  65  92  69  83  73  81  

-------------------------------------------------------------------------------

Number of jobs: 50  Number of machines: 2

Initialization time: 1

Setup times: 30  19  23  29  7  25  8  12  23  5  35  11  15  33  15  5  15  9  20  15  22  35  12  29  27  27  18  23  6  31  13  8  8  12  18  20  27  19  29  29  35  16  19  29  35  32  28  28  11  21  

Processing times: 72  61  62  84  60  63  70  85  85  76  79  89  91  60  97  89  78  96  62  82  61  60  87  75  69  98  71  76  94  80  61  60  60  93  76  86  96  97  63  86  97  78  79  69  83  74  73  74  90  92  

-------------------------------------------------------------------------------

Number of jobs: 50  Number of machines: 2

Initialization time: 1

Setup times: 6  18  7  32  20  27  9  13  25  26  7  32  33  7  17  15  28  20  18  35  7  19  14  17  17  8  23  13  21  31  10  22  13  22  12  15  30  29  15  12  23  9  10  15  30  6  5  20  7  20  

Processing times: 69  67  60  73  70  83  83  90  79  74  70  91  72  61  76  65  62  60  89  72  70  80  81  83  62  70  80  93  78  87  82  84  99  97  65  88  99  89  62  73  97  95  67  67  73  97  69  95  84  97  

-------------------------------------------------------------------------------

Number of jobs: 50  Number of machines: 2

Initialization time: 1

Setup times: 20  27  26  34  31  17  6  31  6  13  12  15  34  18  20  13  20  32  22  28  18  25  26  21  20  19  10  9  17  8  17  30  13  17  35  33  10  9  25  9  23  25  35  18  8  6  23  27  22  22  

Processing times: 93  98  90  83  69  85  93  75  100  99  60  95  85  85  69  93  86  75  68  98  72  94  67  70  65  95  87  80  100  81  87  63  87  86  86  91  75  79  73  88  65  92  99  86  73  94  68  66  94  74  


