Number of jobs: 25  Number of machines: 2

Initialization time: 1

Setup times: 6  34  15  34  34  9  26  10  9  14  28  8  35  28  15  11  14  27  16  35  21  22  30  17  21  

Processing times: 17  35  25  15  40  14  39  38  28  41  13  14  15  22  21  11  39  18  36  14  28  35  17  38  35  

-------------------------------------------------------------------------------

Number of jobs: 25  Number of machines: 2

Initialization time: 1

Setup times: 15  12  29  11  19  26  7  35  25  26  25  14  29  23  17  24  11  21  29  6  5  23  14  34  19  

Processing times: 37  36  35  30  28  19  13  40  19  22  29  11  40  25  12  15  39  21  29  31  23  19  28  38  33  

-------------------------------------------------------------------------------

Number of jobs: 25  Number of machines: 2

Initialization time: 1

Setup times: 34  26  19  25  13  13  22  30  12  9  30  31  16  18  34  16  27  23  11  8  18  25  13  31  8  

Processing times: 25  18  20  24  33  37  33  16  29  39  34  22  28  39  12  34  30  37  19  18  28  31  29  12  33  

-------------------------------------------------------------------------------

Number of jobs: 25  Number of machines: 2

Initialization time: 1

Setup times: 30  27  10  24  14  10  34  7  26  25  27  19  11  13  12  33  12  26  10  7  22  24  9  10  19  

Processing times: 35  18  12  22  28  38  14  31  19  18  15  28  31  32  24  29  23  15  19  29  41  16  27  25  21  

-------------------------------------------------------------------------------

Number of jobs: 25  Number of machines: 2

Initialization time: 1

Setup times: 16  21  17  21  29  29  18  12  18  6  16  13  12  10  10  12  12  5  16  6  7  29  26  13  29  

Processing times: 34  38  33  37  21  38  12  32  18  38  17  15  16  33  34  34  38  38  32  14  35  34  12  38  18  

-------------------------------------------------------------------------------

Number of jobs: 25  Number of machines: 2

Initialization time: 1

Setup times: 5  7  10  28  33  28  9  17  9  25  32  18  15  8  32  10  28  27  10  26  13  24  20  23  24  

Processing times: 39  17  36  29  26  40  40  25  34  18  34  36  39  17  23  15  28  29  13  17  39  28  16  12  37  

-------------------------------------------------------------------------------

Number of jobs: 25  Number of machines: 2

Initialization time: 1

Setup times: 9  23  30  28  19  17  21  16  32  8  11  11  7  10  6  22  16  21  6  25  12  24  18  11  26  

Processing times: 28  27  35  25  34  31  12  29  39  32  36  35  36  14  37  37  34  25  31  27  14  18  12  34  12  

-------------------------------------------------------------------------------

Number of jobs: 25  Number of machines: 2

Initialization time: 1

Setup times: 35  26  32  18  23  16  25  17  11  21  16  31  25  19  5  23  23  20  22  6  32  23  23  10  17  

Processing times: 35  11  26  41  35  21  29  32  38  19  40  11  11  36  31  23  29  40  12  25  38  33  16  34  41  

-------------------------------------------------------------------------------

Number of jobs: 25  Number of machines: 2

Initialization time: 1

Setup times: 13  15  34  35  25  26  23  10  5  6  22  28  19  23  21  14  17  12  26  27  9  10  34  8  20  

Processing times: 34  24  18  16  28  16  22  35  36  13  30  37  23  18  27  12  36  25  35  28  11  27  29  31  25  

-------------------------------------------------------------------------------

Number of jobs: 25  Number of machines: 2

Initialization time: 1

Setup times: 31  20  9  16  23  25  26  34  28  20  33  27  17  32  9  32  34  13  7  29  5  25  16  29  13  

Processing times: 30  30  20  29  38  39  22  25  25  40  30  37  27  31  38  38  23  22  24  25  29  28  39  21  15  

-------------------------------------------------------------------------------

Number of jobs: 25  Number of machines: 2

Initialization time: 1

Setup times: 31  20  17  20  12  11  19  13  5  10  11  31  18  25  20  18  33  15  31  25  32  12  32  23  13  

Processing times: 38  20  19  12  11  26  41  16  12  17  16  28  32  24  21  24  37  40  40  14  36  40  24  16  12  

-------------------------------------------------------------------------------

Number of jobs: 25  Number of machines: 2

Initialization time: 1

Setup times: 13  24  11  16  6  32  31  26  5  5  35  29  18  24  24  26  11  9  22  34  31  25  32  34  15  

Processing times: 11  23  18  36  25  35  25  36  33  14  30  39  29  12  30  28  41  40  15  28  25  30  35  36  23  

-------------------------------------------------------------------------------

Number of jobs: 25  Number of machines: 2

Initialization time: 1

Setup times: 20  26  11  29  32  12  15  35  12  32  21  24  5  33  21  21  27  24  26  31  33  5  30  35  35  

Processing times: 40  33  13  28  21  18  33  33  35  13  40  35  22  18  36  23  13  29  40  37  28  23  21  30  33  

-------------------------------------------------------------------------------

Number of jobs: 25  Number of machines: 2

Initialization time: 1

Setup times: 27  12  20  22  5  5  33  28  34  8  32  12  15  5  6  22  19  16  9  9  28  9  16  21  34  

Processing times: 34  25  33  27  41  12  21  25  39  25  31  22  16  15  29  41  41  16  27  28  36  13  11  16  22  

-------------------------------------------------------------------------------

Number of jobs: 25  Number of machines: 2

Initialization time: 1

Setup times: 5  20  17  11  19  17  13  29  17  20  24  34  20  8  12  7  14  9  31  14  12  20  17  26  9  

Processing times: 16  11  39  33  14  38  12  26  16  12  15  32  32  38  14  12  16  22  41  13  18  13  12  19  15  

-------------------------------------------------------------------------------

Number of jobs: 25  Number of machines: 2

Initialization time: 1

Setup times: 32  11  28  35  14  24  20  15  23  25  5  14  11  16  16  6  18  6  26  27  14  32  35  17  9  

Processing times: 19  15  28  17  31  23  25  19  19  39  16  14  24  20  28  31  13  32  13  17  11  37  15  37  25  

-------------------------------------------------------------------------------

Number of jobs: 25  Number of machines: 2

Initialization time: 1

Setup times: 16  15  30  9  23  13  23  8  8  26  10  8  31  12  17  15  18  12  14  14  9  19  12  29  33  

Processing times: 26  25  30  32  14  31  27  23  38  16  32  23  25  26  29  17  12  32  36  36  25  33  24  31  40  

-------------------------------------------------------------------------------

Number of jobs: 25  Number of machines: 2

Initialization time: 1

Setup times: 16  33  27  24  31  18  19  32  32  25  8  34  21  5  6  29  17  30  20  26  31  12  6  34  24  

Processing times: 38  37  24  11  29  18  32  32  23  28  37  13  35  13  32  19  26  37  14  15  20  27  14  19  22  

-------------------------------------------------------------------------------

Number of jobs: 25  Number of machines: 2

Initialization time: 1

Setup times: 18  8  16  12  18  20  22  19  14  12  16  14  9  9  13  28  23  18  33  15  21  29  15  28  27  

Processing times: 15  16  23  12  30  17  18  21  26  19  39  41  17  27  17  14  23  33  16  26  32  34  35  25  25  

-------------------------------------------------------------------------------

Number of jobs: 25  Number of machines: 2

Initialization time: 1

Setup times: 27  7  9  25  20  19  19  28  20  6  18  33  16  14  26  5  8  5  7  17  13  27  15  11  5  

Processing times: 19  32  13  24  38  13  12  34  36  16  24  21  29  38  12  17  17  19  17  18  28  39  26  23  39  

-------------------------------------------------------------------------------

Number of jobs: 25  Number of machines: 2

Initialization time: 1

Setup times: 8  21  15  18  30  6  30  5  32  14  11  9  20  7  30  26  34  35  16  21  28  6  33  14  31  

Processing times: 31  30  21  23  18  36  25  18  19  37  31  24  17  29  16  40  32  13  14  11  39  31  17  27  39  

-------------------------------------------------------------------------------

Number of jobs: 25  Number of machines: 2

Initialization time: 1

Setup times: 11  12  17  32  10  11  12  34  26  8  28  13  33  25  35  10  7  28  18  35  28  9  6  8  6  

Processing times: 40  20  41  37  31  36  16  18  18  29  34  12  20  29  28  40  33  35  40  40  31  30  30  37  17  

-------------------------------------------------------------------------------

Number of jobs: 25  Number of machines: 2

Initialization time: 1

Setup times: 32  20  17  19  33  5  15  16  17  34  23  12  35  17  23  12  30  20  33  28  25  10  35  9  19  

Processing times: 14  15  25  32  28  22  26  12  17  30  35  41  39  16  37  37  14  34  24  17  41  29  26  30  37  

-------------------------------------------------------------------------------

Number of jobs: 25  Number of machines: 2

Initialization time: 1

Setup times: 7  18  22  28  6  32  26  11  23  34  21  26  13  18  25  34  22  8  35  30  17  29  24  23  26  

Processing times: 11  11  15  14  20  35  27  23  23  11  32  19  13  20  22  38  41  32  23  41  17  15  20  26  16  

-------------------------------------------------------------------------------

Number of jobs: 25  Number of machines: 2

Initialization time: 1

Setup times: 12  15  12  34  35  31  10  15  34  11  7  30  7  5  8  18  18  24  11  12  11  26  19  17  20  

Processing times: 38  37  34  22  23  35  17  33  26  29  41  36  16  16  30  12  27  18  31  24  16  11  22  37  15  

-------------------------------------------------------------------------------

Number of jobs: 25  Number of machines: 2

Initialization time: 1

Setup times: 23  23  25  30  27  6  19  31  26  22  28  22  35  6  24  9  19  6  25  24  9  35  5  32  5  

Processing times: 28  26  29  20  40  12  30  17  29  24  30  13  19  16  37  11  19  22  11  38  17  36  30  12  36  

-------------------------------------------------------------------------------

Number of jobs: 25  Number of machines: 2

Initialization time: 1

Setup times: 20  8  35  21  9  20  5  10  9  33  27  27  15  31  17  25  32  26  33  6  24  25  21  14  23  

Processing times: 11  13  34  39  32  15  27  39  28  38  24  26  24  24  24  29  34  30  15  20  41  41  22  34  18  

-------------------------------------------------------------------------------

Number of jobs: 25  Number of machines: 2

Initialization time: 1

Setup times: 13  32  35  26  6  14  14  27  14  34  35  32  17  16  9  15  31  15  13  29  7  17  19  27  27  

Processing times: 18  39  36  22  28  27  14  25  38  40  21  16  28  17  13  29  40  32  34  24  31  12  20  27  19  

-------------------------------------------------------------------------------

Number of jobs: 25  Number of machines: 2

Initialization time: 1

Setup times: 13  14  30  6  11  23  34  11  27  21  15  22  32  8  9  7  19  7  16  9  8  32  16  9  5  

Processing times: 40  12  21  24  24  38  21  23  36  37  15  34  33  35  15  25  29  41  32  21  31  11  15  28  13  

-------------------------------------------------------------------------------

Number of jobs: 25  Number of machines: 2

Initialization time: 1

Setup times: 33  22  35  26  15  35  29  32  16  8  9  35  18  27  18  25  34  9  7  12  9  17  25  19  8  

Processing times: 33  32  34  22  41  13  16  19  12  22  13  31  15  39  11  17  14  40  14  18  16  28  21  18  38  

-------------------------------------------------------------------------------

Number of jobs: 25  Number of machines: 2

Initialization time: 1

Setup times: 14  23  23  18  18  33  33  14  31  15  10  15  26  12  5  20  9  21  35  25  30  31  8  14  33  

Processing times: 41  37  18  12  37  16  35  18  21  31  38  16  22  25  36  16  31  29  16  25  33  22  19  18  40  

-------------------------------------------------------------------------------

Number of jobs: 25  Number of machines: 2

Initialization time: 1

Setup times: 14  31  9  9  29  11  6  14  6  19  11  24  26  25  25  20  15  25  23  10  9  21  30  27  10  

Processing times: 27  39  35  38  14  37  13  35  22  18  30  11  27  20  35  37  17  25  16  18  35  22  40  36  35  

-------------------------------------------------------------------------------

Number of jobs: 25  Number of machines: 2

Initialization time: 1

Setup times: 21  7  8  15  31  29  12  19  19  18  20  6  11  5  13  26  34  9  28  34  10  9  33  31  17  

Processing times: 16  12  21  14  41  18  14  28  37  19  19  32  23  32  14  18  22  38  30  34  37  20  29  20  31  

-------------------------------------------------------------------------------

Number of jobs: 25  Number of machines: 2

Initialization time: 1

Setup times: 15  24  22  26  15  32  8  5  17  12  15  8  10  34  32  23  26  24  18  10  28  32  34  25  17  

Processing times: 29  26  36  11  34  18  18  19  27  31  27  39  18  24  29  31  28  36  37  18  21  20  17  40  30  

-------------------------------------------------------------------------------

Number of jobs: 25  Number of machines: 2

Initialization time: 1

Setup times: 32  22  23  19  14  32  28  28  25  30  14  7  32  21  9  32  17  18  22  23  17  6  24  32  15  

Processing times: 13  36  12  19  13  31  17  17  32  26  20  41  11  16  29  30  11  13  22  34  31  19  14  38  12  

-------------------------------------------------------------------------------

Number of jobs: 25  Number of machines: 2

Initialization time: 1

Setup times: 16  32  27  34  25  19  9  30  15  32  30  31  7  18  21  28  31  17  13  7  35  20  14  9  25  

Processing times: 34  18  34  33  30  32  23  12  14  40  14  25  27  15  29  32  37  20  18  17  23  25  15  26  29  

-------------------------------------------------------------------------------

Number of jobs: 25  Number of machines: 2

Initialization time: 1

Setup times: 24  11  34  21  30  32  5  11  18  26  24  14  9  10  15  16  7  9  15  21  16  17  19  17  35  

Processing times: 33  41  23  13  19  41  17  17  16  40  28  31  17  18  22  34  19  33  12  22  18  32  21  12  23  

-------------------------------------------------------------------------------

Number of jobs: 25  Number of machines: 2

Initialization time: 1

Setup times: 10  31  7  31  26  35  27  24  21  25  11  12  28  11  20  31  35  32  27  15  7  17  34  32  17  

Processing times: 27  41  16  35  36  33  21  25  39  23  13  26  31  41  11  38  38  38  24  16  14  28  34  26  41  

-------------------------------------------------------------------------------

Number of jobs: 25  Number of machines: 2

Initialization time: 1

Setup times: 33  16  18  9  8  35  35  22  31  13  31  27  24  29  23  27  23  29  29  17  13  31  30  15  28  

Processing times: 39  11  19  29  31  40  29  31  22  11  14  22  27  11  41  15  20  12  18  20  22  17  13  28  35  

-------------------------------------------------------------------------------

Number of jobs: 25  Number of machines: 2

Initialization time: 1

Setup times: 6  25  7  35  27  22  10  29  12  22  17  22  13  33  16  6  21  29  31  22  15  27  14  35  34  

Processing times: 14  39  34  35  35  27  16  28  14  29  17  18  14  33  41  29  36  25  41  31  25  29  15  18  37  

-------------------------------------------------------------------------------

Number of jobs: 25  Number of machines: 2

Initialization time: 1

Setup times: 26  28  20  28  6  10  21  9  33  33  8  17  30  10  14  19  16  20  15  35  29  24  13  31  20  

Processing times: 27  20  36  28  15  41  14  25  13  27  34  35  32  27  31  37  15  24  13  24  20  35  29  24  36  

-------------------------------------------------------------------------------

Number of jobs: 25  Number of machines: 2

Initialization time: 1

Setup times: 15  13  35  15  8  26  13  30  25  6  23  27  24  15  23  13  35  26  5  9  26  28  10  6  17  

Processing times: 38  36  32  36  32  18  41  11  21  13  37  13  34  24  11  37  39  13  11  36  30  17  13  18  23  

-------------------------------------------------------------------------------

Number of jobs: 25  Number of machines: 2

Initialization time: 1

Setup times: 30  11  16  7  8  27  18  9  26  29  32  22  33  29  29  25  15  28  20  30  32  8  21  11  16  

Processing times: 15  38  29  30  12  37  12  21  21  30  16  32  38  36  36  36  27  26  17  28  34  29  37  21  11  

-------------------------------------------------------------------------------

Number of jobs: 25  Number of machines: 2

Initialization time: 1

Setup times: 6  27  31  9  29  33  21  20  35  13  25  12  13  17  32  30  26  22  14  35  6  12  9  19  35  

Processing times: 11  16  41  17  21  13  33  25  31  36  25  37  20  18  32  34  15  24  12  29  15  31  37  33  22  

-------------------------------------------------------------------------------

Number of jobs: 25  Number of machines: 2

Initialization time: 1

Setup times: 8  15  24  16  25  18  21  28  11  34  11  7  26  28  31  8  13  33  31  16  15  30  19  35  35  

Processing times: 40  25  23  25  38  41  28  36  21  39  16  27  21  29  16  38  27  23  39  33  36  38  17  23  38  

-------------------------------------------------------------------------------

Number of jobs: 25  Number of machines: 2

Initialization time: 1

Setup times: 6  27  17  30  18  8  28  18  24  34  19  17  26  32  16  20  26  9  22  17  24  8  33  32  35  

Processing times: 21  26  34  20  41  40  41  34  19  15  38  17  37  32  22  27  39  31  19  15  34  40  14  30  27  

-------------------------------------------------------------------------------

Number of jobs: 25  Number of machines: 2

Initialization time: 1

Setup times: 18  8  17  28  7  17  25  22  17  9  6  16  15  20  26  10  31  26  5  16  19  25  32  9  18  

Processing times: 12  31  33  32  15  15  35  14  35  41  18  12  39  19  11  28  11  17  28  41  33  16  26  25  38  

-------------------------------------------------------------------------------

Number of jobs: 25  Number of machines: 2

Initialization time: 1

Setup times: 8  28  34  28  29  32  25  9  23  30  8  21  31  21  31  21  5  24  32  23  32  21  23  25  12  

Processing times: 33  11  34  25  21  36  36  29  11  15  41  16  36  11  33  30  39  25  31  23  28  31  20  16  41  

-------------------------------------------------------------------------------

Number of jobs: 25  Number of machines: 2

Initialization time: 1

Setup times: 26  17  15  5  30  21  33  35  9  33  13  21  30  17  31  7  30  8  13  10  31  31  5  34  27  

Processing times: 34  30  36  23  11  35  39  13  23  33  39  31  32  13  12  13  12  14  23  13  25  33  39  34  17  

-------------------------------------------------------------------------------

Number of jobs: 25  Number of machines: 2

Initialization time: 1

Setup times: 17  16  12  18  9  14  18  20  27  29  12  20  18  27  12  16  23  11  15  24  30  18  30  23  30  

Processing times: 19  35  18  40  12  14  40  13  33  12  12  41  36  30  28  14  26  35  14  13  37  27  16  24  24  


