Number of jobs: 25  Number of machines: 2

Initialization time: 1

Setup times: 18  19  19  25  25  26  21  17  25  9  28  18  15  18  29  30  12  25  13  32  24  12  14  18  25  

Processing times: 58  57  57  60  47  60  70  46  47  56  56  67  41  40  39  39  70  38  36  69  47  65  50  40  67  

-------------------------------------------------------------------------------

Number of jobs: 25  Number of machines: 2

Initialization time: 1

Setup times: 17  6  22  26  23  16  32  5  15  5  26  22  23  22  14  6  23  34  12  8  32  21  17  7  22  

Processing times: 63  44  50  47  64  38  57  55  43  54  41  57  66  55  61  63  61  37  59  69  53  68  55  60  36  

-------------------------------------------------------------------------------

Number of jobs: 25  Number of machines: 2

Initialization time: 1

Setup times: 35  5  31  31  10  10  33  19  35  20  8  9  32  24  33  20  18  24  11  35  26  6  35  10  28  

Processing times: 40  50  64  42  45  54  44  68  56  36  67  49  53  47  48  41  41  44  63  50  54  49  69  69  64  

-------------------------------------------------------------------------------

Number of jobs: 25  Number of machines: 2

Initialization time: 1

Setup times: 31  30  25  28  28  31  6  30  19  31  33  10  30  8  13  8  18  18  34  12  24  25  21  17  13  

Processing times: 36  50  44  68  37  64  60  61  69  57  38  52  64  46  51  63  39  45  65  59  38  60  58  43  46  

-------------------------------------------------------------------------------

Number of jobs: 25  Number of machines: 2

Initialization time: 1

Setup times: 16  18  30  27  20  21  6  13  18  10  15  6  34  26  9  19  12  10  34  28  32  15  28  7  16  

Processing times: 68  61  61  53  59  55  49  58  62  62  41  68  65  68  68  61  36  46  50  39  49  63  51  62  55  

-------------------------------------------------------------------------------

Number of jobs: 25  Number of machines: 2

Initialization time: 1

Setup times: 31  33  19  15  5  24  24  28  25  23  8  9  16  16  13  33  27  21  11  6  20  17  6  13  32  

Processing times: 54  69  50  64  58  64  42  53  55  55  69  50  69  66  69  37  58  65  52  46  60  37  37  42  47  

-------------------------------------------------------------------------------

Number of jobs: 25  Number of machines: 2

Initialization time: 1

Setup times: 22  8  12  20  34  6  15  25  34  12  31  12  27  10  18  5  16  34  21  35  23  29  17  21  13  

Processing times: 41  36  43  49  62  46  68  47  64  54  59  47  52  70  65  60  57  36  43  66  39  55  68  41  55  

-------------------------------------------------------------------------------

Number of jobs: 25  Number of machines: 2

Initialization time: 1

Setup times: 10  12  7  22  9  10  20  30  31  26  13  5  5  8  19  14  8  31  10  29  7  10  18  33  28  

Processing times: 69  65  37  45  67  60  36  45  60  52  65  70  38  66  41  69  61  40  44  41  48  59  38  53  62  

-------------------------------------------------------------------------------

Number of jobs: 25  Number of machines: 2

Initialization time: 1

Setup times: 25  34  21  22  30  33  5  7  35  30  21  8  19  17  8  26  35  10  30  30  22  19  29  25  12  

Processing times: 63  59  54  38  65  59  63  42  43  68  69  49  66  70  37  58  64  40  53  49  55  48  66  42  41  

-------------------------------------------------------------------------------

Number of jobs: 25  Number of machines: 2

Initialization time: 1

Setup times: 24  25  32  18  26  10  14  21  29  12  28  13  34  26  24  35  10  20  27  27  8  15  11  32  20  

Processing times: 64  54  41  51  49  56  60  44  46  58  64  44  70  65  48  55  68  37  61  46  67  41  41  50  43  

-------------------------------------------------------------------------------

Number of jobs: 25  Number of machines: 2

Initialization time: 1

Setup times: 17  27  9  5  7  6  33  31  5  14  25  35  20  26  21  12  25  9  33  7  16  23  23  30  10  

Processing times: 39  63  70  59  58  44  45  63  40  66  40  51  38  69  45  38  55  43  70  48  63  43  39  45  70  

-------------------------------------------------------------------------------

Number of jobs: 25  Number of machines: 2

Initialization time: 1

Setup times: 7  28  29  21  17  20  11  14  9  27  10  13  29  29  17  14  33  32  26  32  28  8  13  23  21  

Processing times: 49  54  69  40  70  64  63  39  69  46  69  42  55  50  45  51  52  66  43  63  69  59  44  50  45  

-------------------------------------------------------------------------------

Number of jobs: 25  Number of machines: 2

Initialization time: 1

Setup times: 6  5  5  26  13  12  33  21  13  11  35  25  28  17  17  13  20  21  7  32  7  33  27  21  27  

Processing times: 42  68  58  68  41  55  68  62  55  53  65  64  38  66  49  41  62  47  65  62  63  63  55  64  67  

-------------------------------------------------------------------------------

Number of jobs: 25  Number of machines: 2

Initialization time: 1

Setup times: 13  32  32  26  29  11  19  6  9  30  14  29  33  7  16  25  13  8  5  7  34  19  12  5  33  

Processing times: 38  60  43  39  42  41  46  37  66  58  40  62  68  69  41  58  63  61  63  50  41  70  66  44  43  

-------------------------------------------------------------------------------

Number of jobs: 25  Number of machines: 2

Initialization time: 1

Setup times: 18  30  15  22  18  13  22  30  9  17  12  33  22  26  20  5  32  31  21  11  5  6  22  19  11  

Processing times: 48  65  51  54  51  54  59  59  65  53  44  69  41  70  47  54  57  43  37  69  37  48  62  57  62  

-------------------------------------------------------------------------------

Number of jobs: 25  Number of machines: 2

Initialization time: 1

Setup times: 6  24  15  31  6  19  29  15  34  31  19  9  7  19  31  21  15  6  13  11  29  24  5  26  35  

Processing times: 70  52  49  43  59  48  47  60  64  49  47  43  42  58  68  52  59  45  50  36  48  50  58  48  47  

-------------------------------------------------------------------------------

Number of jobs: 25  Number of machines: 2

Initialization time: 1

Setup times: 9  33  29  29  33  24  6  8  6  25  10  26  13  8  17  12  14  12  12  17  29  11  15  25  18  

Processing times: 54  70  48  50  45  55  58  38  65  42  51  62  36  39  39  39  55  45  37  38  57  51  40  69  67  

-------------------------------------------------------------------------------

Number of jobs: 25  Number of machines: 2

Initialization time: 1

Setup times: 8  9  13  34  13  14  18  6  26  32  23  22  6  15  34  14  22  6  9  12  20  23  20  19  6  

Processing times: 65  39  49  48  62  59  55  60  70  64  53  67  46  39  68  68  55  63  40  68  69  54  60  62  62  

-------------------------------------------------------------------------------

Number of jobs: 25  Number of machines: 2

Initialization time: 1

Setup times: 19  21  18  8  33  10  30  25  33  27  20  34  25  33  30  12  13  11  27  21  19  31  26  20  27  

Processing times: 38  61  40  68  56  36  38  37  41  55  55  58  39  60  53  38  64  43  42  48  54  66  55  37  41  

-------------------------------------------------------------------------------

Number of jobs: 25  Number of machines: 2

Initialization time: 1

Setup times: 23  7  5  25  12  17  35  24  20  13  5  5  30  12  25  9  9  34  24  13  27  21  31  7  31  

Processing times: 40  40  50  40  62  55  46  65  60  50  36  69  64  45  43  50  44  41  44  70  52  70  37  38  44  

-------------------------------------------------------------------------------

Number of jobs: 25  Number of machines: 2

Initialization time: 1

Setup times: 32  9  35  15  24  27  20  25  23  33  14  12  11  28  23  32  34  30  31  31  29  33  14  15  8  

Processing times: 55  58  56  46  55  59  44  66  65  70  52  43  39  64  37  38  46  51  61  42  59  62  62  69  43  

-------------------------------------------------------------------------------

Number of jobs: 25  Number of machines: 2

Initialization time: 1

Setup times: 28  16  15  16  13  17  5  34  35  27  26  30  13  33  27  23  27  33  27  16  25  15  34  6  11  

Processing times: 62  51  40  69  53  58  46  62  54  40  57  43  69  70  53  49  57  61  42  66  41  46  39  57  42  

-------------------------------------------------------------------------------

Number of jobs: 25  Number of machines: 2

Initialization time: 1

Setup times: 21  29  23  6  10  26  22  28  20  13  22  33  8  25  21  5  9  31  6  24  33  23  24  13  35  

Processing times: 70  55  45  38  59  49  42  37  48  61  47  65  66  41  68  46  68  58  37  54  49  61  64  50  41  

-------------------------------------------------------------------------------

Number of jobs: 25  Number of machines: 2

Initialization time: 1

Setup times: 18  13  24  20  33  35  30  18  18  18  17  9  29  32  7  17  7  7  16  33  29  5  27  31  35  

Processing times: 48  58  50  50  57  47  68  42  70  58  63  43  70  70  50  45  36  66  49  55  66  60  37  38  61  

-------------------------------------------------------------------------------

Number of jobs: 25  Number of machines: 2

Initialization time: 1

Setup times: 27  10  34  11  25  8  32  11  11  20  32  9  14  8  28  16  25  15  9  15  33  29  34  10  25  

Processing times: 59  58  68  56  69  70  36  55  67  51  46  45  51  51  40  67  68  68  63  52  54  59  46  45  46  

-------------------------------------------------------------------------------

Number of jobs: 25  Number of machines: 2

Initialization time: 1

Setup times: 29  29  34  33  11  32  16  8  24  26  29  28  19  17  23  11  18  8  26  34  18  35  32  25  5  

Processing times: 64  36  44  44  47  70  67  61  63  41  62  56  58  55  58  39  49  40  58  47  55  43  37  66  67  

-------------------------------------------------------------------------------

Number of jobs: 25  Number of machines: 2

Initialization time: 1

Setup times: 11  17  10  30  5  15  30  5  21  28  28  16  15  24  27  30  9  24  19  6  28  26  17  19  15  

Processing times: 62  55  42  48  43  69  60  36  52  61  42  51  64  55  46  47  42  69  44  36  50  58  40  43  48  

-------------------------------------------------------------------------------

Number of jobs: 25  Number of machines: 2

Initialization time: 1

Setup times: 29  27  25  35  7  30  9  19  26  27  8  33  14  30  35  24  11  8  9  11  8  22  20  19  7  

Processing times: 48  48  55  43  37  39  54  37  44  48  61  61  69  40  61  55  61  58  68  53  60  37  64  52  57  

-------------------------------------------------------------------------------

Number of jobs: 25  Number of machines: 2

Initialization time: 1

Setup times: 17  34  24  33  7  17  32  22  18  31  16  27  17  22  33  11  26  6  13  30  20  25  8  32  27  

Processing times: 46  50  55  37  51  47  64  47  54  63  46  70  69  45  56  63  67  40  43  42  39  61  60  56  56  

-------------------------------------------------------------------------------

Number of jobs: 25  Number of machines: 2

Initialization time: 1

Setup times: 14  32  20  31  18  8  13  27  18  32  27  17  26  34  23  8  27  34  29  11  16  13  25  34  27  

Processing times: 41  58  68  55  50  41  67  41  57  64  41  43  62  65  37  64  56  37  39  69  48  46  53  58  49  

-------------------------------------------------------------------------------

Number of jobs: 25  Number of machines: 2

Initialization time: 1

Setup times: 24  20  21  27  18  9  26  29  31  12  35  27  25  23  35  26  13  27  9  7  33  30  29  25  20  

Processing times: 43  47  44  69  55  62  53  64  46  58  58  62  48  70  41  68  44  55  69  63  68  44  39  48  38  

-------------------------------------------------------------------------------

Number of jobs: 25  Number of machines: 2

Initialization time: 1

Setup times: 19  34  8  27  10  19  26  32  8  29  35  23  27  17  6  32  11  19  26  29  23  21  15  34  24  

Processing times: 66  60  65  62  59  58  53  49  36  66  46  49  42  36  48  57  48  52  60  69  36  69  55  52  67  

-------------------------------------------------------------------------------

Number of jobs: 25  Number of machines: 2

Initialization time: 1

Setup times: 18  30  28  7  17  11  34  24  16  21  9  19  30  16  6  10  16  24  35  25  6  30  9  13  10  

Processing times: 69  63  62  56  43  64  52  69  60  40  68  46  53  44  59  54  55  53  42  55  48  69  46  61  46  

-------------------------------------------------------------------------------

Number of jobs: 25  Number of machines: 2

Initialization time: 1

Setup times: 26  33  11  13  7  24  29  21  25  18  27  6  11  22  10  7  11  7  11  31  24  15  11  22  5  

Processing times: 56  49  61  55  49  53  65  66  40  42  59  48  50  69  49  37  39  59  47  48  63  47  55  57  47  

-------------------------------------------------------------------------------

Number of jobs: 25  Number of machines: 2

Initialization time: 1

Setup times: 26  29  8  19  17  12  27  18  12  19  9  33  35  24  5  9  31  33  5  35  24  25  21  13  32  

Processing times: 57  59  70  67  39  43  57  52  52  62  44  66  68  70  63  53  61  58  43  58  51  60  38  47  36  

-------------------------------------------------------------------------------

Number of jobs: 25  Number of machines: 2

Initialization time: 1

Setup times: 8  33  5  9  35  10  12  22  26  9  27  17  8  21  7  5  15  29  7  16  32  29  31  31  26  

Processing times: 48  57  37  46  50  40  63  41  55  42  63  65  44  70  67  36  58  50  56  40  67  67  62  65  52  

-------------------------------------------------------------------------------

Number of jobs: 25  Number of machines: 2

Initialization time: 1

Setup times: 28  25  19  14  11  29  9  10  9  34  15  9  11  8  22  17  8  15  13  17  6  20  12  21  23  

Processing times: 47  53  59  57  60  63  58  47  62  55  39  40  57  61  48  46  65  51  49  63  49  53  57  45  64  

-------------------------------------------------------------------------------

Number of jobs: 25  Number of machines: 2

Initialization time: 1

Setup times: 14  28  31  22  9  14  14  29  23  22  28  7  35  34  26  32  26  27  20  33  31  8  23  11  19  

Processing times: 56  68  57  53  54  56  67  40  49  42  61  38  68  49  39  43  41  70  44  47  65  37  44  42  66  

-------------------------------------------------------------------------------

Number of jobs: 25  Number of machines: 2

Initialization time: 1

Setup times: 24  23  7  8  26  7  14  9  13  25  26  16  27  15  8  7  16  30  20  7  20  34  8  6  9  

Processing times: 59  52  64  62  62  64  43  38  59  45  62  54  69  37  58  39  67  41  60  66  49  56  53  59  68  

-------------------------------------------------------------------------------

Number of jobs: 25  Number of machines: 2

Initialization time: 1

Setup times: 30  13  21  11  30  21  17  22  21  9  21  10  11  8  29  25  7  13  13  30  27  12  33  14  32  

Processing times: 50  49  38  46  48  44  40  54  46  65  65  60  37  69  57  51  61  40  68  52  67  62  38  36  58  

-------------------------------------------------------------------------------

Number of jobs: 25  Number of machines: 2

Initialization time: 1

Setup times: 32  19  24  22  29  31  12  13  5  19  17  12  17  13  12  6  9  23  8  27  9  26  35  27  34  

Processing times: 40  66  44  50  53  55  65  45  63  56  47  51  62  66  37  50  62  58  39  38  67  65  67  41  66  

-------------------------------------------------------------------------------

Number of jobs: 25  Number of machines: 2

Initialization time: 1

Setup times: 12  30  33  25  26  22  32  7  26  33  17  14  28  10  13  10  20  9  10  25  31  32  34  6  20  

Processing times: 50  69  67  67  61  42  69  56  56  51  51  55  48  65  41  62  46  64  62  36  40  43  55  67  40  

-------------------------------------------------------------------------------

Number of jobs: 25  Number of machines: 2

Initialization time: 1

Setup times: 6  32  10  7  11  32  33  14  28  13  33  12  7  25  28  31  15  16  12  30  11  30  35  15  19  

Processing times: 47  70  68  63  43  59  70  66  37  44  62  39  46  37  39  62  38  56  65  61  63  53  39  51  45  

-------------------------------------------------------------------------------

Number of jobs: 25  Number of machines: 2

Initialization time: 1

Setup times: 25  29  6  27  34  31  12  23  23  25  20  28  31  29  19  34  33  7  31  32  13  29  26  29  13  

Processing times: 44  43  59  43  66  50  61  53  41  49  55  69  40  53  65  66  36  39  42  40  61  50  53  54  49  

-------------------------------------------------------------------------------

Number of jobs: 25  Number of machines: 2

Initialization time: 1

Setup times: 27  31  7  27  31  10  23  17  9  27  9  14  7  17  35  30  10  28  12  31  32  25  31  23  33  

Processing times: 50  42  63  42  47  43  69  65  41  47  69  66  68  41  49  37  41  40  52  50  47  49  58  62  65  

-------------------------------------------------------------------------------

Number of jobs: 25  Number of machines: 2

Initialization time: 1

Setup times: 19  20  15  29  22  25  35  8  6  5  24  15  17  12  28  28  33  23  16  7  9  8  17  31  29  

Processing times: 63  36  56  49  51  63  43  36  62  36  62  69  64  39  53  58  37  56  44  62  61  61  68  67  67  

-------------------------------------------------------------------------------

Number of jobs: 25  Number of machines: 2

Initialization time: 1

Setup times: 31  21  31  12  9  12  18  23  10  17  20  17  20  5  22  8  16  12  18  16  28  19  35  14  22  

Processing times: 59  42  58  49  63  61  39  45  39  53  60  57  45  40  37  61  69  49  39  66  65  48  38  51  67  

-------------------------------------------------------------------------------

Number of jobs: 25  Number of machines: 2

Initialization time: 1

Setup times: 22  34  25  33  9  31  18  27  31  11  35  32  12  12  26  14  11  9  33  14  17  16  10  18  20  

Processing times: 48  68  40  36  56  38  49  40  66  63  40  66  45  53  45  54  59  36  61  43  41  44  63  63  64  

-------------------------------------------------------------------------------

Number of jobs: 25  Number of machines: 2

Initialization time: 1

Setup times: 6  29  29  27  7  26  24  8  12  6  8  7  9  7  15  34  6  8  35  14  20  29  19  21  10  

Processing times: 66  65  41  59  65  66  48  48  38  70  36  60  60  57  61  51  46  40  44  65  58  60  69  64  54  

-------------------------------------------------------------------------------

Number of jobs: 25  Number of machines: 2

Initialization time: 1

Setup times: 26  13  27  24  17  31  14  6  35  15  35  9  14  11  10  27  26  15  10  33  21  28  25  7  35  

Processing times: 53  46  40  38  50  40  39  45  69  56  59  62  64  58  48  55  52  69  54  57  43  65  50  59  63  


